   8.300000e-01  -2.4500000e-01
   8.300000e-01  -9.0000000e-02
   7.7090000e-01  -9.0000000e-02
   7.8270000e-01  -6.9500000e-02
   7.9500000e-01  -2.3700000e-02
   7.9500000e-01   2.3700000e-02
   7.8270000e-01   6.9500000e-02
   7.7090000e-01   9.0000000e-02
   8.3000000e-01   9.0000000e-02
   8.3000000e-01   2.4500000e-01
   7.0500000e-01   2.4500000e-01
   7.0500000e-01   1.5590000e-01
   6.8450000e-01   1.6770000e-01
   6.3870000e-01   1.8000000e-01
   5.9130000e-01   1.8000000e-01
   5.4550000e-01   1.6770000e-01
   5.2500000e-01   1.5590000e-01
   5.2500000e-01   2.4500000e-01
   4.1500000e-01   2.4500000e-01
   4.1500000e-01   9.0000000e-02
   4.5910000e-01   9.0000000e-02
   4.4730000e-01   6.9500000e-02
   4.3500000e-01   2.3700000e-02
   4.3500000e-01  -2.3700000e-02
   4.4730000e-01  -6.9500000e-02
   4.5910000e-01  -9.0000000e-02
   4.1500000e-01  -9.0000000e-02
   4.1500000e-01  -2.4500000e-01
   5.2500000e-01  -2.4500000e-01
   5.2500000e-01  -1.5590000e-01
   5.4550000e-01  -1.6770000e-01
   5.9130000e-01  -1.8000000e-01
   6.3870000e-01  -1.8000000e-01
   6.8450000e-01  -1.6770000e-01
   7.0500000e-01  -1.5590000e-01
   7.0500000e-01  -2.4500000e-01
   8.3000000e-01  -2.4500000e-01
