% time  amplitude  freq   approx.island width[cm] (CATS)
59.2049  4.49256e-06  12.5732  0.6122221
59.2131  4.63084e-06  12.6343  0.6215636
59.2213  6.22682e-06  12.6953  0.7207458
59.2295  4.04458e-06  13.0005  0.5808696
59.2377  3.66077e-06  12.5732  0.5526126
59.2459  4.2204e-06  12.207  0.5933401
59.2541  3.93026e-06  11.8408  0.5725713
59.2623  3.96983e-06  11.6577  0.5754357
59.2705  4.24517e-06  12.207  0.5950453
59.2787  5.18591e-06  12.207  0.6576676
59.2869  3.75e-06  12.207  0.5592436
59.2951  3.60822e-06  12.7563  0.5485588
59.3033  3.62327e-06  13.0005  0.5496905
59.3115  2.02185e-05  12.6953  1.298475
59.3197  0.000182158  12.3291  3.897394
59.3279  0.00024552  12.6343  4.524649
59.3361  0.000243285  12.8174  4.503917
59.3443  0.000250838  12.6343  4.573206
59.3525  0.000225145  12.6953  4.332581
59.3607  0.000280522  12.207  4.836049
59.3689  0.00023647  12.3291  4.440042
59.377  0.000285743  12.146  4.880665
59.3852  0.000307436  11.9629  5.062451
59.3934  0.000308936  12.0239  5.074699
59.4016  0.000290492  11.9629  4.920803
59.4098  0.000301163  12.0239  5.010289
59.418  0.00031174  12.0239  5.097434
59.4262  0.000315959  12.085  5.131738
59.4344  0.000359297  12.085  5.4723
59.4426  0.000387159  12.2681  5.680441
59.4508  0.000398059  12.7563  5.759779
59.459  0.000406747  12.8784  5.822228
59.4672  0.000337437  12.6343  5.302965
59.4754  0.00030253  12.3291  5.02114
59.4836  0.000295221  12.3901  4.96007
59.4918  0.000410899  12.3291  5.851648
59.5  0.000365287  12.0239  5.517274
59.5082  0.000436593  12.146  6.031746
59.5164  0.000438617  12.146  6.045679
59.5246  0.000453679  12.085  6.148579
59.5328  0.000481326  12.085  6.333132
59.541  0.000508381  12.2681  6.508673
59.5492  0.000483661  12.5732  6.34845
59.5574  0.000459755  12.5122  6.189566
59.5656  0.000447493  12.4512  6.106472
59.5738  0.000442535  12.5122  6.072561
59.582  0.000492964  12.4512  6.409245
59.5902  0.000464306  12.3901  6.220183
59.5984  0.000468505  12.3291  6.248279
59.6066  0.000550841  12.3901  6.775154
59.6148  0.000504091  12.4512  6.481325
59.623  0.000502441  12.5122  6.470766
59.6311  0.00053562  12.5732  6.681068
59.6393  0.000516388  12.5732  6.5601
59.6475  0.000518274  12.5732  6.57215
59.6557  0.000538386  12.5732  6.698544
59.6639  0.000530725  12.5732  6.65081
59.6721  0.000558195  12.2681  6.820863
59.6803  0.000539033  12.207  6.702872
59.6885  0.000642734  12.0239  7.31941
59.6967  0.000610639  11.9019  7.134445
59.7049  0.000599642  11.6577  7.070036
59.7131  0.000636328  11.5356  7.283229
59.7213  0.000688976  11.4136  7.578679
59.7295  0.000649204  11.2915  7.356821
59.7377  0.000637528  11.1694  7.290502
59.7459  0.000647728  11.1084  7.348731
59.7541  0.000692863  11.0474  7.600601
59.7623  0.000692661  10.9253  7.599636
59.7705  0.00075918  10.8032  7.956331
59.7787  0.000708556  10.6812  7.686622
59.7869  0.000667119  10.5591  7.45861
59.7951  0.000697259  10.5591  7.625371
59.8033  0.000688528  10.498  7.577607
59.8115  0.000736506  10.3149  7.837301
59.8197  0.000693985  10.2539  7.607821
59.8279  0.000795234  10.1929  8.144026
59.8361  0.000710214  10.0098  7.696484
59.8443  0.00076685  9.82666  7.997581
59.8525  0.000737149  9.76562  7.841268
59.8607  0.000700415  9.58252  7.643479
59.8689  0.000809145  9.46045  8.215439
59.877  0.000732743  9.0332  7.818024
59.8852  0.000822636  8.91113  8.283771
59.8934  0.000544458  9.33838  6.739209
59.9016  0.000622882  9.15527  7.208279
59.9098  0.000648355  9.15527  7.35422
59.918  0.000716389  9.15527  7.730466
59.9262  0.000625288  9.0332  7.222239
59.9344  0.000636299  9.0332  7.285555
59.9426  0.000621738  8.97217  7.201709
59.9508  0.000644624  8.97217  7.333049
59.959  0.000646842  8.97217  7.34564
59.9672  0.000728841  8.91113  7.797329
59.9754  0.00066311  8.78906  7.437395
59.9836  0.000681211  8.60596  7.538194
59.9918  0.000620921  8.60596  7.196858
60  0.000694945  8.54492  7.61374
60.0082  0.000652071  8.54492  7.375104
60.0164  0.000642045  8.54492  7.31815
60.0246  0.000683129  8.42285  7.548622
60.0328  0.000685655  8.36182  7.562525
60.041  0.000721393  8.30078  7.757069
60.0492  0.000688213  8.23975  7.576538
60.0574  0.000716469  8.17871  7.730469
60.0656  0.000675349  8.11768  7.505318
60.0738  0.000680486  8.05664  7.533772
60.082  0.000655394  8.11768  7.393535
60.0902  0.000734648  8.17871  7.827783
60.0984  0.000737478  8.05664  7.842817
60.1066  0.000642492  8.05664  7.320319
60.1148  0.000814013  8.11768  8.239686
60.123  0.000654223  8.23975  7.386812
60.1311  0.000669852  8.17871  7.474515
60.1393  0.000676635  8.11768  7.512259
60.1475  0.000745837  8.05664  7.887063
60.1557  0.000729147  8.05664  7.798321
60.1639  0.000675405  8.11768  7.50544
60.1721  0.000718828  7.99561  7.742963
60.1803  0.000703843  8.05664  7.661846
60.1885  0.00071228  8.05664  7.707648
60.1967  0.000673584  7.99561  7.495378
60.2049  0.000694325  7.99561  7.609925
60.2131  0.00068937  7.99561  7.582746
60.2213  0.000666828  7.99561  7.457765
60.2295  0.000685506  7.99561  7.561517
60.2377  0.000675903  7.99561  7.508394
60.2459  0.000673254  7.99561  7.493694
60.2541  0.000786401  7.93457  8.098976
60.2623  0.000722731  7.8125  7.764223
60.2705  0.000713658  7.8125  7.715362
60.2787  0.000688194  7.8125  7.576492
60.2869  0.000696293  7.8125  7.620968
60.2951  0.000707058  7.8125  7.679678
60.3033  0.000732246  7.75146  7.815292
60.3115  0.000777811  7.75146  8.054801
60.3197  0.000721674  7.75146  7.758705
60.3279  0.000715493  7.75146  7.725421
60.3361  0.000760989  7.69043  7.967264
60.3443  0.000762666  7.69043  7.976044
60.3525  0.000739567  7.56836  7.854331
60.3607  0.000732992  7.62939  7.819337
60.3689  0.000750673  7.62939  7.913075
60.377  0.000757515  7.56836  7.949042
60.3852  0.00077822  7.56836  8.056926
60.3934  0.00067414  7.50732  7.498804
60.4016  0.000827727  7.44629  8.309196
60.4098  0.000737896  7.50732  7.845331
60.418  0.000688816  7.50732  7.579898
60.4262  0.000732031  7.50732  7.814016
60.4344  0.000705157  7.44629  7.669202
60.4426  0.000702026  7.44629  7.652112
60.4508  0.000690701  7.50732  7.590094
60.459  0.000695013  7.50732  7.6137
60.4672  0.000703113  7.56836  7.657887
60.4754  0.000706999  7.56836  7.678967
60.4836  0.000715012  7.56836  7.722306
60.4918  0.000670707  7.56836  7.479174
60.5  0.000822658  7.44629  8.283115
60.5082  0.000795923  7.32422  8.147349
60.5164  0.000634414  7.32422  7.273843
60.5246  0.000803923  7.26318  8.18807
60.5328  0.000717186  7.26318  7.733694
60.541  0.000723754  7.20215  7.768969
60.5492  0.000701204  7.14111  7.646928
60.5574  0.000796554  7.20215  8.15022
60.5656  0.000674329  7.20215  7.49885
60.5738  0.000701982  7.14111  7.651012
60.582  0.00071178  7.14111  7.704174
60.5902  0.000713704  7.14111  7.714533
60.5984  0.000773522  7.08008  8.031274
60.6066  0.000718459  7.01904  7.740104
60.6148  0.000738494  7.01904  7.847245
60.623  0.000707444  7.08008  7.680471
60.6311  0.000846875  7.08008  8.403299
60.6393  0.000717415  7.20215  7.734352
60.6475  0.000718177  7.14111  7.738435
60.6557  0.000713789  7.20215  7.714739
60.6639  0.000815112  7.14111  8.244114
60.6721  0.000720168  7.08008  7.749104
60.6803  0.000729026  7.08008  7.796604
60.6885  0.00072097  7.08008  7.753398
60.6967  0.000719223  7.08008  7.743993
60.7049  0.000694254  7.08008  7.608379
60.7131  0.000725564  7.08008  7.77805
60.7213  0.00075518  7.14111  7.935205
60.7295  0.000698741  7.01904  7.632928
60.7377  0.000692734  7.01904  7.600052
60.7459  0.000701393  7.01904  7.647409
60.7541  0.000822032  7.14111  8.279009
60.7623  0.000748583  7.44629  7.900498
60.7705  0.000689441  7.44629  7.581996
60.7787  0.000714128  7.44629  7.716558
60.7869  0.000711498  7.50732  7.702346
60.7951  0.000700741  7.44629  7.643911
60.8033  0.000683431  7.50732  7.548921
60.8115  0.000714436  7.50732  7.718269
60.8197  0.000737005  7.50732  7.839243
60.8279  0.000743314  7.38525  7.872738
60.8361  0.000685566  7.32422  7.560751
60.8443  0.000691963  7.32422  7.595956
60.8525  0.00070221  7.32422  7.652003
60.8607  0.000705221  7.32422  7.668402
60.8689  0.000705174  7.32422  7.668157
60.877  0.000725035  7.32422  7.775402
60.8852  0.000694046  7.38525  7.60743
60.8934  0.000719044  7.38525  7.743227
60.9016  0.000696916  7.38525  7.623157
60.9098  0.000700129  7.32422  7.640717
60.918  0.000717358  7.38525  7.734164
60.9262  0.000701506  7.38525  7.64824
60.9344  0.000728443  7.38525  7.793705
60.9426  0.000709893  7.38525  7.693837
60.9508  0.000695221  7.44629  7.613921
60.959  0.000707383  7.44629  7.680237
60.9672  0.000697879  7.44629  7.628477
60.9754  0.000742217  7.44629  7.867082
60.9836  0.000769074  7.44629  8.008161
60.9918  0.0007009  7.38525  7.644997
61  0.000718157  7.38525  7.73855
61.0082  0.00071763  7.38525  7.735722
61.0164  0.000782306  7.26318  8.076806
61.0246  0.000766504  7.32422  7.994832
61.0328  0.000678898  7.26318  7.524113
61.041  0.00071295  7.32422  7.710519
61.0492  0.000694114  7.38525  7.608001
61.0574  0.000640009  7.44629  7.305491
61.0656  0.000689322  7.44629  7.581737
61.0738  0.000703224  7.44629  7.657834
61.082  0.000672304  7.38525  7.487615
61.0902  0.000689958  7.44629  7.585316
61.0984  0.000697699  7.44629  7.627781
61.1066  0.000654514  7.50732  7.387978
61.1148  0.000693462  7.44629  7.604657
61.123  0.000705417  7.44629  7.669968
61.1311  0.000680642  7.38525  7.534116
61.1393  0.000532535  7.44629  6.664223
61.1475  0.000642852  7.32422  7.322063
61.1557  0.000654537  7.38525  7.388353
61.1639  0.00066187  7.44629  7.429667
61.1721  0.000616191  7.44629  7.168744
61.1803  0.00070899  7.38525  7.689671
61.1885  0.000603267  7.26318  7.093239
61.1967  0.000685371  7.20215  7.560571
61.2049  0.000625731  7.14111  7.224157
61.2131  0.000639323  7.14111  7.30222
61.2213  0.000649669  7.14111  7.361085
61.2295  0.000698351  7.14111  7.631911
61.2377  0.000650359  7.08008  7.365008
61.2459  0.000625057  7.08008  7.220316
61.2541  0.000634828  7.14111  7.27652
61.2623  0.000655158  7.20215  7.392093
61.2705  0.000622507  7.20215  7.205509
61.2787  0.000637099  7.20215  7.289429
61.2869  0.000692035  7.14111  7.597154
61.2951  0.000618547  7.08008  7.182397
61.3033  0.000633166  7.14111  7.266699
61.3115  0.000630283  7.14111  7.250046
61.3197  0.000628131  7.14111  7.237555
61.3279  0.000657301  7.08008  7.40358
61.3361  0.000604482  7.08008  7.099753
61.3443  0.000682653  7.14111  7.54471
61.3525  0.000660333  7.08008  7.420173
61.3607  0.000637801  7.08008  7.292293
61.3689  0.000650835  7.08008  7.366222
61.377  0.000666054  7.14111  7.451626
61.3852  0.000706365  7.20215  7.673559
61.3934  0.000662377  7.56836  7.430532
61.4016  0.000689131  7.56836  7.578836
61.4098  0.000651814  7.62939  7.370504
61.418  0.000680532  7.62939  7.530829
61.4262  0.000654206  7.69043  7.383437
61.4344  0.000673175  7.69043  7.489413
61.4426  0.000670655  7.69043  7.475076
61.4508  0.000646235  7.69043  7.337421
61.459  0.00069349  7.62939  7.600646
61.4672  0.000664139  7.62939  7.43776
61.4754  0.000662607  7.62939  7.428878
61.4836  0.000678934  7.62939  7.519549
61.4918  0.000657698  7.62939  7.40073
61.5  0.000636597  7.69043  7.280771
61.5082  0.000644491  7.69043  7.325512
61.5164  0.000664109  7.69043  7.435915
61.5246  0.00065517  7.69043  7.385463
61.5328  0.00069357  7.69043  7.598587
61.541  0.000669374  7.69043  7.464662
61.5492  0.000664045  7.69043  7.434704
61.5574  0.000650328  7.69043  7.357354
61.5656  0.00064467  7.69043  7.325141
61.5738  0.00064987  7.69043  7.354512
61.582  0.000671895  7.69043  7.478013
61.5902  0.000653037  7.69043  7.372266
61.5984  0.000667239  7.69043  7.451972
61.6066  0.000635727  7.75146  7.27388
61.6148  0.000670034  7.62939  7.467608
61.623  0.000757077  7.62939  7.937934
61.6311  0.000740847  7.69043  7.852499
61.6393  0.000666112  7.69043  7.446039
61.6475  0.000619622  7.69043  7.181661
61.6557  0.000632975  7.69043  7.258821
61.6639  0.000601605  7.75146  7.076873
61.6721  0.000634979  7.75146  7.270756
61.6803  0.000603862  7.8125  7.090621
61.6885  0.000594404  7.8125  7.035142
61.6967  0.00059481  7.8125  7.037831
61.7049  0.000616068  7.8125  7.162796
61.7131  0.000606583  7.75146  7.10776
61.7213  0.000608684  7.8125  7.120388
61.7295  0.000584088  7.8125  6.975374
61.7377  0.000578285  7.75146  6.940974
61.7459  0.000580528  7.8125  6.954766
61.7541  0.000607978  7.75146  7.117649
61.7623  0.000602903  7.75146  7.088236
61.7705  0.000662938  7.69043  7.433148
61.7787  0.000599759  7.44629  7.07044
61.7869  0.000627068  7.38525  7.229977
61.7951  0.000483514  7.44629  6.349
61.8033  0.000515188  7.44629  6.553969
61.8115  0.00051895  7.50732  6.578161
61.8197  0.000476741  7.56836  6.305254
61.8279  0.000491994  7.56836  6.405602
61.8361  0.000437401  7.62939  6.040013
61.8443  0.000468039  7.62939  6.248214
61.8525  0.00044452  7.69043  6.089425
61.8607  0.000455064  7.69043  6.161428
61.8689  0.000466941  7.75146  6.241506
61.877  0.000424808  7.75146  5.95342
61.8852  0.000445112  7.8125  6.094183
61.8934  0.000443925  7.8125  6.086185
61.9016  0.000472276  7.8125  6.277642
61.9098  0.000390073  7.93457  5.705304
61.918  0.000392786  7.87354  5.72519
61.9262  0.000371939  7.87354  5.571252
61.9344  0.000385912  7.93457  5.674991
61.9426  0.000356079  7.99561  5.451266
61.9508  0.00036832  7.93457  5.544202
61.959  0.000357403  7.93457  5.461436
61.9672  0.00033572  7.93457  5.293183
61.9754  0.000367188  7.93457  5.535697
61.9836  0.000334875  7.93457  5.286503
61.9918  0.000320744  7.99561  5.173742
62  0.000283177  8.05664  4.861297
62.0082  0.000301651  8.05664  5.01733
62.0164  0.000269195  8.11768  4.739695
62.0246  0.000287357  8.11768  4.896929
62.0328  0.000245733  8.17871  4.528353
62.041  0.00025312  8.17871  4.595861
62.0492  0.000252515  8.17871  4.59031
62.0574  0.000256396  8.23975  4.625392
62.0656  0.000243665  8.30078  4.509035
62.0738  0.000227327  8.36182  4.355184
62.082  0.00022264  8.36182  4.30999
62.0902  0.000216066  8.78906  4.245819
62.0984  0.00023584  8.91113  4.435784
62.1066  0.00022487  8.97217  4.331325
62.1148  0.000223791  9.0332  4.320854
62.123  0.000213364  9.09424  4.218929
62.1311  0.000205864  9.09424  4.144053
62.1393  0.000206443  9.15527  4.149815
62.1475  0.00020075  9.15527  4.092136
62.1557  0.000199739  9.09424  4.081761
62.1639  0.000196892  9.15527  4.052511
62.1721  0.00020481  9.15527  4.133138
62.1803  0.000198729  9.21631  4.071266
62.1885  0.000200063  9.21631  4.084857
62.1967  0.000203869  9.21631  4.12348
62.2049  0.000214595  9.21631  4.230514
62.2131  0.000202774  9.21631  4.112299
62.2213  0.00020039  9.21631  4.08801
62.2295  0.000195817  9.21631  4.041055
62.2377  0.000231385  9.21631  4.392714
62.2459  0.000227183  9.33838  4.352604
62.2541  0.000201038  8.97217  4.094459
62.2623  0.000170976  8.8501  3.775907
62.2705  0.000179443  8.54492  3.868241
62.2787  0.000195883  8.42285  4.041525
62.2869  0.000177045  8.42285  3.84225
62.2951  0.000165798  8.42285  3.71818
62.3033  0.00018278  8.42285  3.903933
62.3115  0.000180949  8.42285  3.884306
62.3197  0.000179249  8.42285  3.865995
62.3279  0.00019423  8.36182  4.024285
62.3361  0.000159919  8.36182  3.65156
62.3443  0.000162993  8.36182  3.686472
62.3525  0.000170435  8.36182  3.769676
62.3607  0.000168315  8.36182  3.746143
62.3689  0.000157128  8.36182  3.619497
62.377  0.000146779  8.42285  3.498259
62.3852  0.000148121  8.42285  3.514205
62.3934  0.000146825  8.48389  3.498789
62.4016  0.00014697  8.48389  3.500508
62.4098  0.000146849  8.54492  3.49906
62.418  0.000140356  8.60596  3.420824
62.4262  0.000134876  8.66699  3.353374
62.4344  0.00014437  8.78906  3.469386
62.4426  0.000101405  8.97217  2.907658
62.4508  8.11288e-05  8.60596  2.600763
62.459  8.58457e-05  8.60596  2.675298
62.4672  9.96054e-05  8.66699  2.881734
62.4754  9.45659e-05  8.66699  2.807885
62.4836  9.3013e-05  8.66699  2.784732
62.4918  0.000128539  8.42285  3.273622
62.5  0.000105026  8.54492  2.959095
62.5082  0.000116907  8.54492  3.12198
62.5164  0.000116105  8.60596  3.111248
62.5246  0.000116657  8.60596  3.118628
62.5328  0.000126635  8.60596  3.249256
62.541  0.000123077  8.60596  3.203276
62.5492  0.000129388  8.66699  3.284365
62.5574  0.000136106  8.66699  3.368538
62.5656  0.000141499  8.66699  3.434611
62.5738  0.000146702  8.72803  3.497171
62.582  0.000155449  8.72803  3.5999
62.5902  0.000157843  8.72803  3.627492
62.5984  0.000179456  8.78906  3.867851
62.6066  0.000162329  8.8501  3.678625
62.6148  0.000170019  8.91113  3.764719
62.623  0.000171285  8.97217  3.778674
62.6311  0.000171199  9.09424  3.777688
62.6393  0.000159061  9.15527  3.641267
62.6475  0.000167946  9.15527  3.741539
62.6557  0.000160538  9.15527  3.658042
62.6639  0.000171322  9.15527  3.778856
62.6721  0.000167833  9.15527  3.740124
62.6803  0.000165733  9.21631  3.716592
62.6885  0.000187066  9.15527  3.948487
62.6967  0.000185612  9.15527  3.933044
62.7049  0.000183001  9.15527  3.905213
62.7131  0.000192975  9.15527  4.010148
62.7213  0.00019795  9.15527  4.061434
62.7295  0.00019491  9.15527  4.030047
62.7377  0.000203904  9.15527  4.121897
62.7459  0.000199077  9.21631  4.072733
62.7541  0.000210561  9.21631  4.188469
62.7623  0.000217705  9.27734  4.25884
62.7705  0.000212637  9.27734  4.208886
62.7787  0.000225841  9.27734  4.337503
62.7869  0.000224192  9.33838  4.321544
62.7951  0.000215753  9.33838  4.239336
62.8033  0.000252623  9.27734  4.587185
62.8115  0.000222393  9.27734  4.303887
62.8197  0.000233906  9.27734  4.413789
62.8279  0.000237645  9.27734  4.44883
62.8361  0.000251894  9.27734  4.580164
62.8443  0.000234897  9.33838  4.422844
62.8525  0.000282594  9.27734  4.851045
62.8607  0.000251785  9.21631  4.578885
62.8689  0.00026965  9.21631  4.73845
62.877  0.000208814  9.09424  4.169725
62.8852  0.000285506  9.15527  4.875587
62.8934  0.000257837  9.15527  4.633229
62.9016  0.000263649  9.09424  4.685073
62.9098  0.000243127  9.27734  4.498963
62.918  0.000259667  9.21631  4.649401
62.9262  0.00025578  9.27734  4.614398
62.9344  0.000254226  9.27734  4.600291
62.9426  0.000267262  9.21631  4.716696
62.9508  0.00027706  9.21631  4.802314
62.959  0.000314329  9.27734  5.11506
62.9672  0.000331077  9.58252  5.249506
62.9754  3.75974e-05  9.27734  1.769004
62.9836  0.00022717  8.91113  4.348323
62.9918  0.00030001  8.97217  4.997023
63  0.000260551  9.0332  4.656799
63.0082  0.000284821  9.0332  4.86884
63.0164  0.000283373  9.0332  4.856438
63.0246  0.000253711  9.09424  4.595238
63.0328  0.000274246  9.09424  4.777592
63.041  0.00027052  9.0332  4.74504
63.0492  0.000284324  8.97217  4.864621
63.0574  0.000319524  9.0332  5.156997
63.0656  0.000271253  9.52148  4.75156
63.0738  0.000297505  9.58252  4.976234
63.082  0.000291434  9.64355  4.925262
63.0902  0.000273222  9.70459  4.768959
63.0984  0.000265758  9.76562  4.703449
63.1066  0.000267878  9.76562  4.722265
63.1148  0.000285909  9.76562  4.878714
63.123  0.000281469  9.76562  4.840802
63.1311  0.00028305  9.82666  4.854508
63.1393  0.000330403  9.8877  5.245036
63.1475  0.000359415  10.0708  5.470646
63.1557  0.000312433  10.0708  5.100751
63.1639  0.000292352  10.0708  4.934292
63.1721  0.000306966  10.0098  5.056314
63.1803  0.000316257  10.0098  5.132474
63.1885  0.000300997  10.0098  5.007331
63.1967  0.000334354  9.94873  5.277734
63.2049  0.000375137  9.8877  5.590604
63.2131  0.000324597  9.82666  5.200629
63.2213  0.000367562  9.82666  5.53438
63.2295  0.000350689  9.76562  5.40611
63.2377  0.000376939  9.70459  5.605049
63.2459  0.000337028  9.70459  5.300256
63.2541  0.000342478  9.70459  5.343182
63.2623  0.00037804  9.70459  5.613993
63.2705  0.000351874  9.64355  5.416459
63.2787  0.000357212  9.58252  5.457619
63.2869  0.000357436  9.58252  5.459551
63.2951  0.000370139  9.58252  5.555933
63.3033  0.000359263  9.58252  5.473898
63.3115  0.000373082  9.52148  5.578371
63.3197  0.000368689  9.52148  5.545606
63.3279  0.00038219  9.52148  5.646391
63.3361  0.000368047  9.58252  5.541073
63.3443  0.000370902  9.52148  5.562645
63.3525  0.000379707  9.52148  5.628386
63.3607  0.000367915  9.52148  5.540378
63.3689  0.000387399  9.52148  5.685245
63.377  0.000374101  9.46045  5.586846
63.3852  0.000389587  9.52148  5.701311
63.3934  0.000380617  9.58252  5.635269
63.4016  0.000380644  9.52148  5.635414
63.4098  0.000379507  9.58252  5.626909
63.418  0.000389068  9.52148  5.697238
63.4262  0.000459717  9.46045  6.192794
63.4344  0.000379656  9.33838  5.627616
63.4426  0.000396929  9.33838  5.75403
63.4508  0.000375419  9.27734  5.595755
63.459  0.000391837  9.27734  5.716586
63.4672  0.00037968  9.27734  5.626976
63.4754  0.000419402  9.27734  5.913745
63.4836  0.000399004  9.27734  5.767878
63.4918  0.000380374  9.27734  5.631345
63.5  0.000381834  9.27734  5.641863
63.5082  0.000385789  9.33838  5.670718
63.5164  0.000383224  9.27734  5.651542
63.5246  0.000420486  9.27734  5.919616
63.5328  0.000408598  9.33838  5.835026
63.541  0.000410698  9.33838  5.849689
63.5492  0.000412908  9.33838  5.865095
63.5574  0.000272953  8.78906  4.768364
63.5656  0.00016625  9.33838  3.721206
63.5738  0.000407639  9.46045  5.826645
63.582  0.000393  9.46045  5.720781
63.5902  0.000394369  9.58252  5.730461
63.5984  0.000409615  9.64355  5.839908
63.6066  0.000378778  9.70459  5.615538
63.6148  0.000376453  9.70459  5.598044
63.623  0.000367651  9.70459  5.531998
63.6311  0.000384059  9.70459  5.653896
63.6393  0.000371431  9.76562  5.559989
63.6475  0.00037534  9.76562  5.589009
63.6557  0.000375601  9.76562  5.590813
63.6639  0.000365707  9.76562  5.516568
63.6721  0.000386111  9.76562  5.668272
63.6803  0.00038222  9.76562  5.639557
63.6885  0.000372809  9.76562  5.569634
63.6967  0.000376292  9.76562  5.595546
63.7049  0.000382313  9.76562  5.640107
63.7131  0.000387463  9.70459  5.677957
63.7213  0.000387044  9.70459  5.674891
63.7295  0.000397562  9.64355  5.751503
63.7377  0.000390377  9.64355  5.699329
63.7459  0.000407921  9.64355  5.826041
63.7541  0.000419239  9.58252  5.906378
63.7623  0.000410168  9.52148  5.842211
63.7705  0.000402966  9.46045  5.790785
63.7787  0.000418708  9.39941  5.902918
63.7869  0.000433895  9.39941  6.009138
63.7951  0.000444667  9.46045  6.083407
63.8033  0.000448601  9.39941  6.110404
63.8115  0.000438825  9.39941  6.043612
63.8197  0.000409677  9.46045  5.839606
63.8279  0.00038978  9.39941  5.696198
63.8361  0.000414083  9.39941  5.871271
63.8443  0.000408315  9.33838  5.830419
63.8525  0.000458061  9.33838  6.175584
63.8607  0.000491476  9.39941  6.397087
63.8689  0.000414799  9.33838  5.877127
63.877  0.000419767  9.27734  5.912427
63.8852  0.00041836  9.27734  5.902726
63.8934  0.000418666  9.27734  5.905105
63.9016  0.000414397  9.27734  5.875145
63.9098  0.000414167  9.27734  5.873741
63.918  0.000412143  9.27734  5.8596
63.9262  0.000414324  9.27734  5.875315
63.9344  0.000420832  9.27734  5.921513
63.9426  0.000410556  9.27734  5.849003
63.9508  0.000415525  9.27734  5.884528
63.959  0.00040845  9.27734  5.83445
63.9672  0.000407365  9.27734  5.826929
63.9754  0.000407908  9.27734  5.831045
63.9836  0.0003985  9.27734  5.763639
64  0.000393824  9.27734  5.730175
64.0082  0.000433634  9.33838  6.013057
64.0164  0.000436367  9.46045  6.032207
64.0246  0.000375155  9.64355  5.593351
64.0328  0.000372062  9.64355  5.570452
64.041  0.000371929  9.64355  5.569659
64.0492  0.000372018  9.64355  5.570523
64.0574  0.000360091  9.64355  5.480689
64.0656  0.000362785  9.64355  5.501337
64.0738  0.000372683  9.64355  5.576061
64.082  0.000361971  9.58252  5.495514
64.0902  0.000367553  9.64355  5.537892
64.0984  0.000374661  9.64355  5.591345
64.1066  0.000371779  9.64355  5.569952
64.1148  0.000362855  9.64355  5.50284
64.1229  0.000355327  9.58252  5.44559
64.1311  0.000365468  9.58252  5.522879
64.1393  0.000376362  9.58252  5.604707
64.1475  0.000394163  9.52148  5.735832
64.1557  0.000367261  9.52148  5.536733
64.1639  0.000375018  9.46045  5.594989
64.1721  0.000391963  9.46045  5.720077
64.1803  0.000401246  9.46045  5.78749
64.1885  0.000449817  9.46045  6.127843
64.1967  0.000376652  9.39941  5.607431
64.2049  0.000361591  9.39941  5.49422
64.2131  0.000407822  9.39941  5.834925
64.2213  0.000392198  9.39941  5.722091
64.2295  0.000388155  9.39941  5.69254
64.2377  0.000394742  9.39941  5.740649
64.2459  0.000372928  9.39941  5.579779
64.2541  0.000398639  9.39941  5.768913
64.2623  0.000421831  9.39941  5.934339
64.2705  0.00039932  9.33838  5.773804
64.2787  0.00041829  9.39941  5.909327
64.2869  0.000414867  9.33838  5.885061
64.2951  0.000378774  9.33838  5.623197
64.3033  0.000386475  9.33838  5.680023
64.3115  0.000383087  9.33838  5.655014
64.3197  0.000373637  9.39941  5.584767
64.3279  0.000379179  9.39941  5.625963
64.3361  0.00037521  9.39941  5.596365
64.3443  0.000366478  9.39941  5.53078
64.3525  0.000361752  9.39941  5.494916
64.3607  0.000378502  9.39941  5.620596
64.3689  0.000446148  9.46045  6.102109
64.3771  0.000387549  9.52148  5.687162
64.3852  0.000377715  9.46045  5.614433
64.3934  0.000419016  9.58252  5.913302
64.4016  0.000376264  9.76562  5.603401
64.4098  0.000340239  9.76562  5.328287
64.418  0.000340575  9.82666  5.330792
64.4262  0.000345158  9.82666  5.366409
64.4344  0.000343449  9.82666  5.352972
64.4426  0.000334539  9.82666  5.282943
64.4508  0.000349947  9.82666  5.403088
64.459  0.000333443  9.8877  5.273995
64.4672  0.000334137  9.82666  5.279331
64.4754  0.000336907  9.82666  5.301015
64.4836  0.000361779  9.82666  5.493041
64.4918  0.000342028  9.76562  5.34083
64.5  0.000341908  9.70459  5.339727
64.5082  0.000337327  9.70459  5.303667
64.5164  0.000330221  9.70459  5.247338
64.5246  0.000333238  9.70459  5.271081
64.5328  0.00035236  9.64355  5.420024
64.541  0.000370725  9.64355  5.559287
64.5492  0.000353347  9.76562  5.427238
64.5574  0.000341107  10.0708  5.332223
64.5656  0.000344814  10.1318  5.360929
64.5738  0.000343542  10.1318  5.35084
64.582  0.000337748  10.1929  5.305333
64.5902  0.000338574  10.1318  5.311622
64.5984  0.000346609  10.1318  5.37408
64.6066  0.000333287  10.1929  5.269594
64.6148  0.000338944  10.1929  5.313926
64.6229  0.000343442  10.1318  5.348869
64.6311  0.000337464  10.1318  5.301909
64.6393  0.000348263  10.1318  5.385865
64.6475  0.000344874  10.1318  5.359388
64.6557  0.000350609  10.1318  5.403556
64.6639  0.000351707  10.1318  5.411801
64.6721  0.000343927  10.1318  5.351405
64.6803  0.000337109  10.1318  5.297895
64.6885  0.000353826  10.1318  5.427463
64.6967  0.000346733  10.0708  5.372589
64.7049  0.000353957  10.0708  5.428074
64.7131  0.000378961  10.0098  5.616331
64.7213  0.000354389  9.76562  5.431015
64.7295  0.000362089  9.58252  5.489523
64.7377  0.000327383  9.52148  5.219653
64.7459  0.000319181  9.52148  5.153704
64.7541  0.00033961  9.58252  5.315931
64.7623  0.000373957  9.70459  5.578134
64.7705  0.000320313  9.82666  5.162443
64.7787  0.000302574  9.82666  5.017353
64.7869  0.000313117  9.8877  5.103923
64.7951  0.000332822  9.94873  5.261987
64.8033  0.000305313  10.0098  5.039768
64.8115  0.00031474  10.0098  5.116928
64.8197  0.000313699  9.94873  5.10842
64.8279  0.000311178  9.94873  5.087829
64.8361  0.000308749  9.94873  5.067927
64.8443  0.000298653  9.94873  4.984389
64.8525  0.000310343  9.8877  5.081033
64.8607  0.000303111  9.82666  5.02153
64.8689  0.00029988  9.82666  4.994762
64.8771  0.000297279  9.82666  4.973141
64.8852  0.000304738  9.76562  5.035252
64.8934  0.000300051  9.76562  4.996509
64.9016  0.000325429  9.76562  5.203675
64.9098  0.000328463  9.82666  5.228051
64.918  0.000341102  10.1318  5.327883
64.9262  0.000322522  10.2539  5.180952
64.9344  0.000336119  10.3149  5.28926
64.9426  0.00030326  10.376  5.024301
64.9508  0.000296542  10.376  4.968574
64.959  0.00029973  10.376  4.995458
64.9672  0.000299574  10.376  4.994413
64.9754  0.000303218  10.376  5.024961
64.9836  0.00030628  10.376  5.050541
64.9918  0.000307624  10.376  5.061886
65  0.000302306  10.376  5.018219
65.0082  0.000310731  10.376  5.087948
65.0164  0.000299517  10.376  4.995571
65.0246  0.000310329  10.376  5.085218
65.0328  0.000309273  10.376  5.076837
65.041  0.000312658  10.3149  5.104819
65.0492  0.000317818  10.3149  5.147043
65.0574  0.00031628  10.3149  5.134838
65.0656  0.00030867  10.2539  5.072939
65.0738  0.000318406  10.2539  5.15257
65.082  0.000311743  9.76562  5.098605
65.0902  0.000324532  9.64355  5.202362
65.0984  0.000303809  9.58252  5.033727
65.1066  0.000281907  9.58252  4.84907
65.1148  0.000284669  9.58252  4.872932
65.1229  0.000308095  9.64355  5.069623
65.1311  0.000274544  9.70459  4.785759
65.1393  0.000309628  9.76562  5.082469
65.1475  0.00027781  9.82666  4.814338
65.1557  0.000274971  9.82666  4.789745
65.1639  0.000297903  9.82666  4.985528
65.1721  0.000297155  9.8877  4.979303
65.1803  0.000298802  9.94873  4.993104
65.1885  0.000300124  9.94873  5.004143
65.1967  0.000270611  10.0098  4.751725
65.2049  0.00030128  9.94873  5.013739
65.2131  0.000274174  9.94873  4.782848
65.2213  0.000279757  9.8877  4.831253
65.2295  0.000279737  9.8877  4.831024
65.2377  0.000277081  9.94873  4.807968
65.2459  0.000290498  9.8877  4.922922
65.2541  0.000279912  9.8877  4.832308
65.2623  0.000273505  9.8877  4.776593
65.2705  0.000276504  9.94873  4.802612
65.2787  0.000275077  9.94873  4.790101
65.2869  0.000286453  9.94873  4.888037
65.2951  0.000286176  9.94873  4.88556
65.3033  0.000278548  9.94873  4.819893
65.3115  0.000320502  10.0098  5.170019
65.3197  0.000318165  10.0098  5.151009
65.3279  0.000281331  9.94873  4.843555
65.3361  0.000289174  9.94873  4.910484
65.3443  0.00027241  9.94873  4.765908
65.3525  0.000282461  9.94873  4.852918
65.3607  0.00027901  9.94873  4.823069
65.3689  0.000286866  9.94873  4.890389
65.3771  0.000290086  9.94873  4.917653
65.3852  0.000286951  9.94873  4.890909
65.3934  0.000259487  9.94873  4.65088
65.4016  8.33381e-06  9.52148  0.8334724
65.4098  0.000259629  9.09424  4.651989
65.418  0.000283473  9.09424  4.860836
65.4262  0.000302512  9.21631  5.021344
65.4344  0.000302187  9.39941  5.018576
65.4426  0.000290474  9.58252  4.920289
65.4508  0.000215319  10.1318  4.236165
65.459  0.000281574  10.2539  4.844212
65.4672  0.000274529  10.376  4.783178
65.4754  0.000234431  10.437  4.420037
65.4836  0.000239747  10.498  4.469832
65.4918  0.000227233  10.498  4.351579
65.5  0.000232826  10.498  4.404775
65.5082  0.000237321  10.498  4.447063
65.5164  0.000240395  10.437  4.475746
65.5246  0.00023927  10.437  4.465237
65.5328  0.000244356  10.437  4.512424
65.541  0.000239288  10.437  4.465366
65.5492  0.00023257  10.437  4.402222
65.5574  0.000234128  10.437  4.416929
65.5656  0.000246467  10.376  4.531813
65.5738  0.000247298  10.376  4.539436
65.582  0.000239636  10.437  4.468552
65.5902  0.00024776  10.437  4.543659
65.5984  0.000284897  10.498  4.872295
65.6066  0.000244889  10.498  4.517247
65.6148  0.000238812  10.498  4.460843
65.6229  0.000243146  10.498  4.501137
65.6311  0.000251266  10.437  4.575677
65.6393  0.000182571  10.498  3.900356
65.6475  4.6506e-06  10.0098  0.622505
65.6557  0.000239686  9.52148  4.468993
65.6639  0.00024859  9.58252  4.551245
65.6721  0.000274274  9.70459  4.780582
65.6803  0.000278178  9.8877  4.814487
65.6885  0.000259598  10.0708  4.650926
65.6967  0.000250994  10.3149  4.573204
65.7049  0.00022885  10.376  4.366813
65.7131  0.000252083  10.437  4.583119
65.7213  0.000212857  10.6201  4.211468
65.7295  0.000217362  10.6201  4.255804
65.7377  0.000210356  10.6812  4.186658
65.7459  0.000212536  10.6812  4.208298
65.7541  0.000211316  10.7422  4.196204
65.7623  0.00021482  10.7422  4.230853
65.7705  0.000218148  10.8032  4.263501
65.7787  0.000211401  10.8032  4.197053
65.7869  0.000203201  10.8643  4.114849
65.7951  0.000209398  10.8643  4.177124
65.8033  0.000203365  10.8643  4.11651
65.8115  0.000208195  10.8643  4.165107
65.8197  0.000212647  10.8643  4.209404
65.8279  0.000165136  10.376  3.709469
65.8361  0.000204275  10.3149  4.125706
65.8443  0.000182945  10.2539  3.904367
65.8525  0.000208777  10.3149  4.170915
65.8607  0.000210144  10.498  4.184543
65.8689  0.000219334  10.6201  4.275058
65.8771  0.000220529  10.8643  4.286683
65.8852  0.000214012  11.1084  4.222862
65.8934  0.000195312  11.2305  4.034145
65.9016  0.000204669  11.3525  4.12964
65.9098  0.000207437  11.5356  4.157463
65.918  0.000170897  11.7188  3.773563
65.9262  0.000170322  11.7798  3.767201
65.9344  0.000172482  11.7798  3.791005
65.9426  0.000173462  11.7798  3.801751
65.9508  0.000190752  11.7798  3.986714
65.959  0.000200297  11.4746  4.085233
65.9672  0.000204168  11.2305  4.124512
65.9754  0.000185734  10.8643  3.933903
65.9836  0.000195091  10.7422  4.03177
65.9918  0.000182643  10.5591  3.901018
66  0.000168891  10.437  3.751277
66.0082  0.000178197  10.2539  3.853236
66.0164  0.000155484  10.0708  3.599299
66.0246  0.00017648  9.8877  3.834623
66.0328  0.000179399  9.70459  3.866205
66.041  0.000175149  9.52148  3.820136
66.0492  0.000166863  9.33838  3.728681
66.0574  0.000159681  9.15527  3.647559
66.0656  0.000161342  8.97217  3.666487
66.0738  0.000161133  8.72803  3.664119
66.082  0.000147916  8.54492  3.510637
66.0902  4.75899e-05  8.36182  1.991302
66.0984  2.24067e-05  7.8125  1.366376
66.1066  0.000128221  7.38525  3.268608
66.1148  0.000122556  7.20215  3.195603
66.1229  0.000116195  7.01904  3.111585
66.1311  0.000111903  6.89697  3.053596
66.1393  0.000103007  6.71387  2.929727
66.1475  9.85095e-05  6.53076  2.865077
66.1557  9.69999e-05  6.34766  2.843063
66.1639  9.02814e-05  6.10352  2.742861
66.1721  0.000105304  5.5542  2.962314
66.1803  0.000138633  5.49316  3.39896
66.1885  0.000119538  5.43213  3.15624
66.1967  9.52387e-05  5.43213  2.817268
66.2049  0.000118717  5.37109  3.145447
66.2131  0.000121448  5.31006  3.181454
66.2213  0.000107295  5.24902  2.990369
66.2295  0.000110105  5.24902  3.029306
66.2377  0.000118806  5.12695  3.146758
66.2459  0.000107487  5.06592  2.993137
66.2541  1.01351e-05  4.5166  0.9191091
66.2623  1.15385e-05  3.96729  0.9806906
66.2705  1.34664e-05  3.41797  1.059467
66.2787  1.59574e-05  2.86865  1.153311
66.2869  1.42287e-05  3.23486  1.08906
66.2951  1.70455e-05  2.68555  1.192004
66.3033  2.14286e-05  2.13623  1.336513
66.3115  2.88462e-05  1.58691  1.550685
66.3197  4.41176e-05  1.0376  1.917733
66.3279  4.6875e-05  0.976562  1.976766
66.3361  4.6875e-05  0.976562  1.976776
66.3443  4.6875e-05  0.976562  1.976784
66.3525  4.6875e-05  0.976562  1.97679
66.3607  4.6875e-05  0.976562  1.976794
66.3689  4.6875e-05  0.976562  1.976796
66.3771  4.6875e-05  0.976562  1.976796
66.3852  4.6875e-05  0.976562  1.976794
66.3934  4.6875e-05  0.976562  1.976789
