TCV LIUQE #31837 t= 1  13-Oct-200                  3  28  65
 5.329999328e-01 1.519999981e+00 8.800000000e-01 6.140000224e-01 0.000000000e+00
 8.921033740e-01 1.954830736e-01-4.849324743e-02 0.000000000e+00 1.439837746e+00
 4.406931250e+05-4.849324743e-02 0.000000000e+00 8.921033740e-01 0.000000000e+00
 1.954830736e-01 0.000000000e+00 0.000000000e+00 6.596580148e-01-2.414746284e-01
 1.305889922e+00 1.304085462e+00 1.302235762e+00 1.300349346e+00 1.298434786e+00
 1.296500700e+00 1.294555757e+00 1.292608680e+00 1.290668240e+00 1.288743266e+00
 1.286842634e+00 1.284975277e+00 1.283150172e+00 1.281376349e+00 1.279662878e+00
 1.278018873e+00 1.276453484e+00 1.274975890e+00 1.273595300e+00 1.272320937e+00
 1.271162041e+00 1.270127851e+00 1.269227605e+00 1.268470525e+00 1.267865808e+00
 1.267422617e+00 1.267150069e+00 1.267057217e+00
 4.569927344e+04 4.237683048e+04 3.917976129e+04 3.610806807e+04 3.316175009e+04
 3.034080733e+04 2.764523981e+04 2.507504753e+04 2.263023047e+04 2.031078865e+04
 1.811672207e+04 1.604803072e+04 1.410471460e+04 1.228677371e+04 1.059420806e+04
 9.027017639e+03 7.585202454e+03 6.268762502e+03 5.077697784e+03 4.012008299e+03
 3.071694048e+03 2.256755030e+03 1.567191246e+03 1.003002695e+03 5.641893780e+02
 2.507512924e+02 6.268917373e+01 8.272563427e-04
-1.293502709e+00-1.327647837e+00-1.355481295e+00-1.377002972e+00-1.392212905e+00
-1.401111094e+00-1.403697538e+00-1.399972239e+00-1.389935196e+00-1.373586408e+00
-1.350925877e+00-1.321953601e+00-1.286669582e+00-1.245073818e+00-1.197166310e+00
-1.142947059e+00-1.082416063e+00-1.015573323e+00-9.424188389e-01-8.629526108e-01
-7.771746387e-01-6.850849225e-01-5.866834622e-01-4.819702579e-01-3.709453095e-01
-2.536086172e-01-1.299601438e-01-0.000000000e+00
-1.884768500e+06-1.814962259e+06-1.745156019e+06-1.675349778e+06-1.605543537e+06
-1.535737296e+06-1.465931056e+06-1.396124815e+06-1.326318574e+06-1.256512333e+06
-1.186706093e+06-1.116899852e+06-1.047093611e+06-9.772873704e+05-9.074811296e+05
-8.376748889e+05-7.678686481e+05-6.980624074e+05-6.282561667e+05-5.584499259e+05
-4.886436852e+05-4.188374444e+05-3.490312037e+05-2.792249630e+05-2.094187222e+05
-1.396124815e+05-6.980624074e+04-0.000000000e+00
-8.205529579e-03-6.154142738e-03-4.164572962e-03-2.211850189e-03-2.787932808e-04
 1.648370255e-03 3.581304155e-03 5.529765027e-03 7.502742245e-03 9.507500002e-03
 1.155068706e-02 1.363815058e-02 1.577520056e-02 1.796663237e-02 2.021635676e-02
 2.252756471e-02 2.490332743e-02 2.734808692e-02 2.986606936e-02 3.245928112e-02
 3.512667869e-02 3.786420902e-02 4.072308668e-02 4.368766388e-02 4.673999005e-02
 4.988535856e-02 5.312976957e-02 5.647848799e-02-8.885162454e-03-6.688356616e-03
-4.579395193e-03-2.528075052e-03-5.112886476e-04 1.489196016e-03 3.488227709e-03
 5.498096546e-03 7.529266146e-03 9.590640954e-03 1.168995770e-02 1.383401100e-02
 1.602884486e-02 1.827981433e-02 2.059164008e-02 2.296851745e-02 2.541442242e-02
 2.793337485e-02 3.052902934e-02 3.320419151e-02 3.596094361e-02 3.880222167e-02
 4.173712312e-02 4.475726202e-02 4.794401010e-02 5.123555890e-02 5.464250943e-02
 5.817371723e-02-9.275568833e-03-6.998287715e-03-4.819780795e-03-2.707958341e-03
-6.373636677e-04 1.412332080e-03 3.457680399e-03 5.512353380e-03 7.587842726e-03
 9.693965352e-03 1.183919615e-02 1.403096709e-02 1.627587952e-02 1.857979600e-02
 2.094800520e-02 2.338527520e-02 2.589605748e-02 2.848455451e-02 3.115457269e-02
 3.390947732e-02 3.675212142e-02 3.968496670e-02 4.270891200e-02 4.581585596e-02
 4.908144530e-02 5.250512979e-02 5.606332633e-02 5.978445133e-02-9.355582839e-03
-7.064756365e-03-4.869815192e-03-2.739369800e-03-6.482601021e-04 1.423839496e-03
 3.493607076e-03 5.574915423e-03 7.679481098e-03 9.817391969e-03 1.199741345e-02
 1.422727574e-02 1.651387366e-02 1.886339945e-02 2.128148444e-02 2.377327500e-02
 2.634357005e-02 2.899682581e-02 3.173719494e-02 3.456855026e-02 3.749452741e-02
 4.051858892e-02 4.364409297e-02 4.687502383e-02 5.022350036e-02 5.367009445e-02
 5.734050530e-02 6.129603860e-02-9.129907935e-03-6.891243472e-03-4.731893692e-03
-2.624228641e-03-5.458034848e-04 1.521773707e-03 3.593821129e-03 5.683314438e-03
 7.801406496e-03 9.957813425e-03 1.216115419e-02 1.441910919e-02 1.673862009e-02
 1.912600599e-02 2.158705477e-02 2.412714047e-02 2.675125883e-02 2.946412696e-02
 3.227020109e-02 3.517380462e-02 3.817921355e-02 4.129080821e-02 4.451331043e-02
 4.785205394e-02 5.131279695e-02 5.489493235e-02 5.859474147e-02 6.269421627e-02
-8.632405137e-03-6.503637944e-03-4.425879576e-03-2.377908719e-03-3.421530126e-04
 1.696210335e-03 3.749951724e-03 5.830232281e-03 7.946942293e-03 1.010897049e-02
 1.232437437e-02 1.460050408e-02 1.694412934e-02 1.936150760e-02 2.185845044e-02
 2.444040187e-02 2.711246911e-02 2.987950444e-02 3.274616804e-02 3.571704182e-02
 3.879679072e-02 4.199043777e-02 4.530366767e-02 4.874341260e-02 5.231885536e-02
 5.604335751e-02 5.994365640e-02 6.408485227e-02-7.922258156e-03-5.947336823e-03
-3.986530030e-03-2.027224751e-03-5.827471580e-05 1.930438095e-03 3.948319805e-03
 6.004136487e-03 8.106086887e-03 1.026188254e-02 1.247878407e-02 1.476361279e-02
 1.712282416e-02 1.956247643e-02 2.208831240e-02 2.470570018e-02 2.741978494e-02
 3.023541896e-02 3.315730511e-02 3.619004902e-02 3.933838203e-02 4.260738409e-02
 4.600290354e-02 4.953219984e-02 5.320505343e-02 5.703566542e-02 6.104575960e-02
 6.526622361e-02-7.076656428e-03-5.281835682e-03-3.459289822e-03-1.607112681e-03
 2.785511374e-04 2.202745642e-03 4.171241290e-03 6.190233054e-03 8.266087626e-03
 1.040525011e-02 1.261410482e-02 1.489888136e-02 1.726564033e-02 1.972020043e-02
 2.226813610e-02 2.491473480e-02 2.766505750e-02 3.052385927e-02 3.349569592e-02
 3.658499760e-02 3.979615412e-02 4.313374977e-02 4.660285977e-02 5.020950796e-02
 5.396147791e-02 5.786930898e-02 6.194765288e-02 6.621617486e-02-6.190262699e-03
-4.574902505e-03-2.894584070e-03-1.156136397e-03 6.381608937e-04 2.488959768e-03
 4.398860012e-03 6.371781498e-03 8.412476604e-03 1.052623695e-02 1.271866245e-02
 1.499544909e-02 1.736231241e-02 1.982485885e-02 2.238848498e-02 2.505838221e-02
 2.783947397e-02 3.073637302e-02 3.375338141e-02 3.689455458e-02 4.016364675e-02
 4.356431256e-02 4.710014972e-02 5.077493378e-02 5.459289569e-02 5.855913437e-02
 6.268008157e-02 6.696348293e-02-5.344655635e-03-3.887642290e-03-2.339299770e-03
-7.110424806e-04 9.911321152e-04 2.764996350e-03 4.610996676e-03 6.531454957e-03
 8.529972458e-03 1.061106173e-02 1.277976537e-02 1.504143785e-02 1.740157651e-02
 1.986563959e-02 2.243895486e-02 2.512663667e-02 2.793349342e-02 3.086397897e-02
 3.392211554e-02 3.711147712e-02 4.043511357e-02 4.389551982e-02 4.749455519e-02
 5.123329165e-02 5.511193790e-02 5.912953106e-02 6.328343867e-02 6.756837207e-02
-4.593823374e-03-3.264829534e-03-1.830264952e-03-3.022849702e-04 1.311983883e-03
 3.009181542e-03 4.788834762e-03 6.652556820e-03 8.603472290e-03 1.064575814e-02
 1.278429511e-02 1.502435289e-02 1.737140154e-02 1.983093132e-02 2.240830439e-02
 2.510864339e-02 2.793670456e-02 3.089688009e-02 3.399296215e-02 3.722809311e-02
 4.060468725e-02 4.412416515e-02 4.778673551e-02 5.159103230e-02 5.553355978e-02
 5.960802375e-02 6.380409355e-02 6.810571349e-02-3.963768661e-03-2.732541390e-03
-1.391705145e-03 4.826113487e-05 1.581028117e-03 3.203686297e-03 4.916023615e-03
 6.719883987e-03 8.618600685e-03 1.061658991e-02 1.271896483e-02 1.493123227e-02
 1.725911015e-02 1.970829148e-02 2.228432934e-02 2.499248986e-02 2.783765022e-02
 3.082416941e-02 3.395578268e-02 3.723543319e-02 4.066506802e-02 4.424542472e-02
 4.797553332e-02 5.185226332e-02 5.586951971e-02 6.001717580e-02 6.427966445e-02
 6.863426578e-02-3.459710780e-03-2.300940580e-03-1.035846805e-03 3.275535944e-04
 1.785002646e-03 3.335226432e-03 4.979316405e-03 6.720218974e-03 8.562159132e-03
 1.051032948e-02 1.257051968e-02 1.474881642e-02 1.705142852e-02 1.948449013e-02
 2.205389346e-02 2.476522480e-02 2.762357122e-02 3.063348855e-02 3.379881402e-02
 3.712254060e-02 4.060657504e-02 4.425144382e-02 4.805578330e-02 5.201573251e-02
 5.612398220e-02 6.036859852e-02 6.473110200e-02 6.918429997e-02-3.076356037e-03
-1.968562646e-03-7.648729090e-04 5.305558434e-04 1.916669364e-03 3.394883273e-03
 4.968505497e-03 6.642300864e-03 8.422058434e-03 1.031424139e-02 1.232570839e-02
 1.446345088e-02 1.673442948e-02 1.914538073e-02 2.170275533e-02 2.441253091e-02
 2.728021903e-02 3.031070519e-02 3.350815153e-02 3.687589725e-02 4.041622146e-02
 4.413005618e-02 4.801654766e-02 5.207236142e-02 5.629080009e-02 6.066040887e-02
 6.516300238e-02 6.977099899e-02-2.794578717e-03-1.722902174e-03-5.720593219e-04
 6.591752128e-04 1.974072302e-03 3.377594060e-03 4.876025210e-03 6.476607115e-03
 8.187182339e-03 1.001594592e-02 1.197116821e-02 1.406100807e-02 1.629340322e-02
 1.867587162e-02 2.121549960e-02 2.391883393e-02 2.679184865e-02 2.983991780e-02
 3.306773477e-02 3.647921979e-02 4.007743933e-02 4.386435708e-02 4.784046159e-02
 5.200430143e-02 5.635162672e-02 6.087417481e-02 6.555777782e-02 7.037957358e-02
-2.580668991e-03-1.541737484e-03-4.435442656e-04 7.207096143e-04 1.959201077e-03
 3.281060720e-03 4.696116129e-03 6.214566789e-03 7.846731797e-03 9.602871261e-03
 1.149296010e-02 1.352652916e-02 1.571260828e-02 1.805963085e-02 2.057538992e-02
 2.326702281e-02 2.614104783e-02 2.920336314e-02 3.245926689e-02 3.591347617e-02
 3.957008671e-02 4.343257055e-02 4.750353879e-02 5.178447843e-02 5.627532307e-02
 6.097358727e-02 6.587302900e-02 7.096130649e-02-2.398099873e-03-1.398149951e-03
-3.611967228e-04 7.257722252e-04 1.876413937e-03 3.104489361e-03 4.423759965e-03
 5.847737606e-03 7.389553204e-03 9.061731737e-03 1.087613473e-02 1.284380669e-02
 1.497495971e-02 1.727894023e-02 1.976424567e-02 2.243856355e-02 2.530890074e-02
 2.838162498e-02 3.166262256e-02 3.515740505e-02 3.887123030e-02 4.280922567e-02
 4.697648535e-02 5.137816755e-02 5.601947082e-02 6.090561266e-02 6.604153071e-02
 7.143099583e-02-2.206035042e-03-1.262098600e-03-3.048591311e-04 6.861872918e-04
 1.730568795e-03 2.846986190e-03 4.053354419e-03 5.366723905e-03 6.803170199e-03
 8.377675248e-03 1.010407197e-02 1.199493988e-02 1.406166737e-02 1.631443214e-02
 1.876233518e-02 2.141347311e-02 2.427515398e-02 2.735405385e-02 3.065645032e-02
 3.418845023e-02 3.795628377e-02 4.196663171e-02 4.622694798e-02 5.074597189e-02
 5.553433292e-02 6.060543059e-02 6.597655380e-02 7.167054100e-02-1.957077611e-03
-1.102425216e-03-2.548620129e-04 6.125867415e-04 1.524988550e-03 2.505835138e-03
 3.577213750e-03 4.759781260e-03 6.072663087e-03 7.533334615e-03 9.157605775e-03
 1.095954723e-02 1.295159799e-02 1.514460572e-02 1.754804020e-02 2.017014152e-02
 2.301823079e-02 2.609895916e-02 2.941862557e-02 3.298354320e-02 3.680047584e-02
 4.087709796e-02 4.522258289e-02 4.984840914e-02 5.476945134e-02 6.000564511e-02
 6.558447722e-02 7.154505050e-02-1.614239171e-03-8.940920691e-04-1.961663347e-04
 5.116872606e-04 1.259338214e-03 2.074740812e-03 2.984065774e-03 4.011593919e-03
 5.179528104e-03 6.507851080e-03 8.014261752e-03 9.714179036e-03 1.162088267e-02
 1.374560274e-02 1.609782502e-02 1.868554298e-02 2.151564847e-02 2.459427797e-02
 2.792722767e-02 3.152045027e-02 3.538052931e-02 3.951533136e-02 4.393465111e-02
 4.865116710e-02 5.368177217e-02 5.904940914e-02 6.478604234e-02 7.093753838e-02
-1.153428112e-03-6.215944981e-04-1.211017423e-04 3.840662580e-04 9.278133860e-04
 1.542240410e-03 2.257585628e-03 3.101851853e-03 4.100419580e-03 5.275730014e-03
 6.647240300e-03 8.231480148e-03 1.004224690e-02 1.209074276e-02 1.438597210e-02
 1.693513625e-02 1.974410610e-02 2.281788332e-02 2.616112811e-02 2.977869037e-02
 3.367614810e-02 3.786055203e-02 4.234102568e-02 4.712969028e-02 5.224280310e-02
 5.770226817e-02 6.353779207e-02 6.979003814e-02-5.642399189e-04-2.804212315e-04
-3.083422839e-05 2.228505964e-04 5.178190896e-04 8.902922576e-04 1.374885508e-03
 2.003725669e-03 2.805650205e-03 3.805551657e-03 5.024265809e-03 6.479215275e-03
 8.184265279e-03 1.014998246e-02 1.238423576e-02 1.489273538e-02 1.767960197e-02
 2.074796366e-02 2.410053830e-02 2.774026310e-02 3.167086147e-02 3.589754617e-02
 4.042756716e-02 4.527097288e-02 5.044134071e-02 5.595654296e-02 6.183942758e-02
 6.811822602e-02 1.490265142e-04 1.223534341e-04 6.449222788e-05 1.350417741e-05
 9.380281517e-06 9.322539354e-05 3.050752055e-04 6.822124270e-04 1.257635706e-03
 2.058670005e-03 3.106389304e-03 4.419229925e-03 6.010584849e-03 7.889405064e-03
 1.006161451e-02 1.253050971e-02 1.529758417e-02 1.836320786e-02 2.172732504e-02
 2.539009699e-02 2.935252451e-02 3.361708119e-02 3.818822798e-02 4.307293263e-02
 4.828107519e-02 5.382561880e-02 5.972208317e-02 6.598704573e-02 9.653084269e-04
 5.683750144e-04 1.474842466e-04-2.648569639e-04-6.247982244e-04-8.832514413e-04
-9.925440285e-04-9.082704924e-04-5.915165046e-04-1.196935809e-05 8.462705174e-04
 2.005986983e-03 3.479022665e-03 5.270589585e-03 7.383976402e-03 9.818833305e-03
 1.257299681e-02 1.564310162e-02 1.902536031e-02 2.271628426e-02 2.671334179e-02
 3.101552380e-02 3.562384294e-02 4.054168824e-02 4.577512622e-02 5.133286063e-02
 5.722551148e-02 6.346381732e-02 1.848623160e-03 1.030646271e-03 1.998916263e-04
-6.211772829e-04-1.384560127e-03-2.034258156e-03-2.515360643e-03-2.776168334e-03
-2.770427595e-03-2.459600627e-03-1.814741687e-03-8.155554917e-04 5.411655003e-04
 2.249986005e-03 4.313953409e-03 6.726402904e-03 9.480547435e-03 1.256819908e-02
 1.598081772e-02 1.971037018e-02 2.375001442e-02 2.809462660e-02 3.274123512e-02
 3.768939650e-02 4.294150366e-02 4.850301840e-02 5.438232665e-02 6.059057967e-02
 2.749111713e-03 1.474250086e-03 2.021267975e-04-1.061163862e-03-2.262998494e-03
-3.340888908e-03-4.232823864e-03-4.879843475e-03-5.228285101e-03-5.231790316e-03
-4.853040022e-03-4.065241734e-03-2.854913537e-03-1.222841465e-03 8.112751361e-04
 3.220438937e-03 5.995065142e-03 9.120684215e-03 1.258274524e-02 1.636778232e-02
 2.046395823e-02 2.486146406e-02 2.955286962e-02 3.453353842e-02 3.980203093e-02
 4.536068552e-02 5.121633476e-02 5.738179000e-02 3.579646412e-03 1.856461276e-03
 1.361332908e-04-1.585509688e-03-3.246251657e-03-4.776045944e-03-6.105348388e-03
-7.167866726e-03-7.902825319e-03-8.256789793e-03-8.185266092e-03-7.654287067e-03
-6.642304421e-03-5.142040919e-03-3.163024734e-03-7.331893097e-04 2.092149197e-03
 5.285240697e-03 8.823942733e-03 1.268862978e-02 1.686200935e-02 2.132911315e-02
 2.607759822e-02 3.109812877e-02 3.638476159e-02 4.193569665e-02 4.775426839e-02
 5.385124150e-02 4.302024887e-03 2.156909559e-03-3.263354292e-06-2.185177174e-03
-4.312116906e-03-6.304968374e-03-8.085938422e-03-9.581312884e-03-1.072356301e-02
-1.145288373e-02-1.171851761e-02-1.148003017e-02-1.070879035e-02-9.389760466e-03
-7.523783022e-03-5.130238684e-03-2.250634191e-03 1.050762868e-03 4.702363203e-03
 8.678723544e-03 1.295723764e-02 1.751745138e-02 2.234169107e-02 2.741538089e-02
 3.272729490e-02 3.826993886e-02 4.404023445e-02 5.004095407e-02 4.926849347e-03
 2.382092210e-03-2.060309036e-04-2.839956490e-03-5.430057901e-03-7.886480890e-03
-1.012248739e-02-1.205692147e-02-1.361593231e-02-1.473414574e-02-1.535550678e-02
-1.543414289e-02-1.493539086e-02-1.383729328e-02-1.213261680e-02-9.831499393e-03
-6.964599822e-03-3.586079952e-03 2.230815674e-04 4.350662415e-03 8.769881074e-03
 1.345396789e-02 1.837959201e-02 2.352673363e-02 2.887842164e-02 3.442058891e-02
 4.014187553e-02 4.603359196e-02 5.474034952e-03 2.554312287e-03-4.457309860e-04
-3.519389854e-03-6.563078970e-03-9.475495941e-03-1.216080082e-02-1.453068911e-02
-1.650564661e-02-1.801560340e-02-1.900028308e-02-1.940952050e-02-1.920381442e-02
-1.835539109e-02-1.684991304e-02-1.468898348e-02-1.189335978e-02-8.506775310e-03
-4.600171241e-03-2.761036159e-04 4.328023776e-03 9.174302385e-03 1.423410000e-02
 1.948241143e-02 2.489691227e-02 3.045723647e-02 3.614407806e-02 4.193779788e-02
 5.981598048e-03 2.709347799e-03-6.879679879e-04-4.187870903e-03-7.671557604e-03
-1.102636806e-02-1.414786531e-02-1.694131900e-02-1.932243085e-02-2.121745853e-02
-2.256300817e-02-2.330581022e-02-2.340275147e-02-2.282147154e-02-2.154170042e-02
-1.955750794e-02-1.688051134e-02-1.354391769e-02-9.607239144e-03-5.161010109e-03
-3.305152329e-04 4.723180161e-03 9.956207856e-03 1.534018748e-02 2.084847654e-02
 2.645584366e-02 3.213705983e-02 3.786503671e-02 6.534058967e-03 2.895075880e-03
-8.959770413e-04-4.810389285e-03-8.717937841e-03-1.249670028e-02-1.603513314e-02
-1.923327909e-02-2.200315322e-02-2.426839732e-02-2.596359335e-02-2.703350454e-02
-2.743258680e-02-2.712511208e-02-2.608608615e-02-2.430319096e-02-2.177982738e-02
-1.853922990e-02-1.462942210e-02-1.012855748e-02-5.149800180e-03 1.553446059e-04
 5.604498087e-03 1.116370822e-02 1.680265074e-02 2.249313629e-02 2.820702827e-02
 3.391384342e-02 7.153459296e-03 3.133438513e-03-1.046385648e-03-5.360480685e-03
-9.671401419e-03-1.385050306e-02-1.778096743e-02-2.135889800e-02-2.449373901e-02
-2.710753383e-02-2.913380431e-02-3.051634369e-02-3.120821814e-02-3.117144895e-02
-3.037746792e-02-2.880873948e-02-2.646156157e-02-2.335007601e-02-1.951143973e-02
-1.501163166e-02-9.951420795e-03-4.471551723e-03 1.243516869e-03 7.021621230e-03
 1.283103211e-02 1.864369266e-02 2.443197323e-02 3.016579134e-02 7.812503775e-03
 3.418553851e-03-1.132812368e-03-5.823150703e-03-1.050999390e-02-1.505987343e-02
-1.935189434e-02-2.327938118e-02-2.675007066e-02-2.968520453e-02-3.201803667e-02
-3.369216821e-02-3.466012697e-02-3.488260141e-02-3.432849045e-02-3.297614383e-02
-3.081588543e-02-2.785387429e-02-2.411727226e-02-1.966039122e-02-1.457126826e-02
-8.977778515e-03-3.052000069e-03 2.989232587e-03 9.007237856e-03 1.497928431e-02
 2.088160058e-02 2.668827879e-02 8.467264563e-03 3.729887450e-03-1.160170922e-03
-6.192445751e-03-1.121982013e-02-1.610457932e-02-2.072249512e-02-2.496468055e-02
-2.873776006e-02-3.196269791e-02-3.457297802e-02-3.651255727e-02-3.773404649e-02
-3.819750802e-02-3.787014749e-02-3.672719360e-02-3.475409187e-02-3.195017352e-02
-2.833373065e-02-2.394832469e-02-1.886977073e-02-1.321298909e-02-7.137302223e-03
-8.482038849e-04 5.407467881e-03 1.156900525e-02 1.761808639e-02 2.353479468e-02
 9.075880071e-03 4.045184872e-03-1.137230573e-03-6.467264223e-03-1.179242121e-02
-1.697055719e-02-2.187420020e-02-2.639248654e-02-3.043114419e-02-3.391110186e-02
-3.676632963e-02-3.894142946e-02-4.038946040e-02-4.107036860e-02-4.095031379e-02
-4.000221713e-02-3.820764422e-02-3.556025104e-02-3.207071925e-02-2.777310730e-02
-2.273216445e-02-1.705088662e-02-1.087718535e-02-4.408393225e-03 2.107083862e-03
 8.479025295e-03 1.469790661e-02 2.075168469e-02 9.612888279e-03 4.349853998e-03
-1.070231205e-03-6.647192275e-03-1.222210177e-02-1.764793053e-02-2.279380691e-02
-2.754683594e-02-3.181185982e-02-3.550978590e-02-3.857509179e-02-4.095312176e-02
-4.259754672e-02-4.346846699e-02-4.353146125e-02-4.275777632e-02-4.112599195e-02
-3.862515850e-02-3.525963496e-02-3.105536182e-02-2.606739562e-02-2.038790597e-02
-1.415360930e-02-7.550895672e-03-8.162409563e-04 5.773030633e-03 1.217228171e-02
 1.837893271e-02 1.007472705e-02 4.640955534e-03-9.598620625e-04-6.730180260e-03
-1.250413641e-02-1.812955966e-02-2.347208738e-02-2.841672457e-02-3.286733986e-02
-3.674470307e-02-3.998370921e-02-4.253033102e-02-4.433883704e-02-4.536960745e-02
-4.558790789e-02-4.496382307e-02-4.347365129e-02-4.110285943e-02-3.785070991e-02
-3.373649803e-02-2.880717423e-02-2.314568023e-02-1.687907653e-02-1.018493975e-02
-3.294348758e-03 3.509685590e-03 1.008522491e-02 1.644460535e-02 1.047316187e-02
 4.925087253e-03-8.017868353e-04-6.712410503e-03-1.263423847e-02-1.841026383e-02
-2.390283990e-02-2.899495225e-02-3.358946398e-02-3.760686267e-02-4.098224493e-02
-4.366202221e-02-4.560093742e-02-4.675961261e-02-4.710312844e-02-4.660075379e-02
-4.522713635e-02-4.296504410e-02-3.980984295e-02-3.577566524e-02-3.090301540e-02
-2.526734568e-02-1.898761759e-02-1.223338463e-02-5.228653884e-03 1.749716744e-03
 8.475001886e-03 1.496798960e-02 1.082911315e-02 5.213871742e-03-5.895123229e-04
-6.589860189e-03-1.260924424e-02-1.848685800e-02-2.408245964e-02-2.927737346e-02
-3.397352457e-02-3.809099739e-02-4.156486955e-02-4.434173513e-02-4.637656706e-02
-4.763008702e-02-4.806724758e-02-4.765673899e-02-4.637206578e-02-4.419411292e-02
-4.111550476e-02-3.714665971e-02-3.232339119e-02-2.671557820e-02-2.043590940e-02
-1.364739979e-02-6.567586183e-03 5.328990519e-04 7.368594840e-03 1.396352490e-02
 1.116431891e-02 5.517583337e-03-3.187246708e-04-6.360888769e-03-1.242840313e-02
-1.835861052e-02-2.400985568e-02-2.926240871e-02-3.401744885e-02-3.819460519e-02
-4.172868025e-02-4.456615428e-02-4.666193142e-02-4.797667169e-02-4.847510474e-02
-4.812556032e-02-4.690080780e-02-4.478062696e-02-4.175600101e-02-3.783511431e-02
-3.305090357e-02-2.746973307e-02-2.120025974e-02-1.440114556e-02-7.285654880e-03
-1.208484172e-04 6.780929988e-03 1.344104152e-02 1.148730978e-02 5.836878079e-03
 7.424503775e-06-6.029039997e-03-1.209476024e-02-1.802780881e-02-2.368651500e-02
-2.895080741e-02-3.372138150e-02-3.791732086e-02-4.147292761e-02-4.433423615e-02
-4.645574508e-02-4.779782034e-02-4.832491647e-02-4.800508338e-02-4.681080583e-02
-4.472146045e-02-4.172748497e-02-3.783630723e-02-3.307985124e-02-2.752313661e-02
-2.127317201e-02-1.448671739e-02-7.375039645e-03-2.036094696e-04 6.714943957e-03
 1.340087858e-02 1.177889838e-02 6.156504252e-03 3.738030761e-04-5.604222389e-03
-1.161544935e-02-1.749974032e-02-2.311635785e-02-2.834544395e-02-3.308737393e-02
-3.726060528e-02-4.079865039e-02-4.364675390e-02-4.575870531e-02-4.709428239e-02
-4.761760295e-02-4.729654611e-02-4.610371049e-02-4.401878576e-02-4.103277884e-02
-3.715384089e-02-3.241473074e-02-2.688133361e-02-2.066140287e-02-1.391215619e-02
-6.844783363e-03 2.764649689e-04 7.158115920e-03 1.382910180e-02 1.199826604e-02
 6.451063275e-03 7.657781166e-04-5.098641352e-03-1.100012638e-02-1.678201195e-02
-2.230542941e-02-2.745117060e-02-3.211939146e-02-3.622777396e-02-3.970876801e-02
-4.250646330e-02-4.457360582e-02-4.586919785e-02-4.635689232e-02-4.600458737e-02
-4.478537963e-02-4.268005446e-02-3.968125753e-02-3.579936932e-02-3.106983803e-02
-2.556155371e-02-1.938535515e-02-1.270130120e-02-5.722861945e-03 1.284040583e-03
 8.077990619e-03 1.469123057e-02 1.210163905e-02 6.692272117e-03 1.164533246e-03
-4.526388004e-03-1.025994376e-02-1.588380887e-02-2.126153223e-02-2.627478910e-02
-3.082351485e-02-3.482442859e-02-3.820861657e-02-4.091870045e-02-4.290611949e-02
-4.412888462e-02-4.455018397e-02-4.413812435e-02-4.286678424e-02-4.071882255e-02
-3.768965974e-02-3.379338070e-02-2.906990647e-02-2.359317145e-02-1.747916912e-02
-1.089266355e-02-4.050806141e-03 2.777919163e-03 9.429391571e-03 1.593551080e-02
 1.205753216e-02 6.858255793e-03 1.554194871e-03-3.900189205e-03-9.405864771e-03
-1.481510720e-02-1.999405070e-02-2.482531149e-02-2.920851662e-02-3.305924446e-02
-3.630697570e-02-3.889261970e-02-4.076608367e-02-4.188431370e-02-4.221009950e-02
-4.171204590e-02-4.036575869e-02-3.815658381e-02-3.508390226e-02-3.116693344e-02
-2.645180721e-02-2.101932850e-02-1.499240752e-02-8.541749792e-03-1.887906382e-03
 4.702273972e-03 1.115797490e-02 1.750357163e-02 1.185247351e-02 6.939120608e-03
 1.926232222e-03-3.228724099e-03-8.447274994e-03-1.358616169e-02-1.851406729e-02
-2.311452935e-02-2.728680732e-02-3.094523688e-02-3.401756269e-02-3.644285377e-02
-3.816943073e-02-3.915319379e-02-3.935674765e-02-3.874956992e-02-3.730943165e-02
-3.502528833e-02-3.190160566e-02-2.796415576e-02-2.326685205e-02-1.789902773e-02
-1.199213784e-02-5.724270078e-03 6.795675074e-04 6.989602346e-03 1.320818899e-02
 1.934637209e-02 1.149514315e-02 6.940249486e-03 2.281595047e-03-2.515509757e-03
-7.391710168e-03-1.220785324e-02-1.683514750e-02-2.115814735e-02-2.507586086e-02
-2.850144500e-02-3.136096536e-02-3.359172648e-02-3.514056437e-02-3.596255629e-02
-3.602046349e-02-3.528516517e-02-3.373733284e-02-3.137043987e-02-2.819518928e-02
-2.424516519e-02-1.958337609e-02-1.430898188e-02-8.563188996e-03-2.532873379e-03
 3.549858901e-03 9.570952578e-03 1.553139483e-02 2.143226561e-02 1.102207311e-02
 6.883852401e-03 2.630636094e-03-1.759722942e-03-6.245918662e-03-1.069288763e-02
-1.497470595e-02-1.897735214e-02-2.259997183e-02-2.575490261e-02-2.836685233e-02
-3.037166700e-02-3.171503715e-02-3.235163686e-02-3.224489618e-02-3.136777183e-02
-2.970463500e-02-2.725443033e-02-2.403511078e-02-2.008912788e-02-1.548945913e-02
-1.034563062e-02-4.808548929e-03 9.267628442e-04 6.668355782e-03 1.239468974e-02
 1.809116474e-02 2.374538032e-02 1.049370343e-02 6.804481097e-03 2.989333083e-03
-9.594671922e-04-5.018513509e-03-9.057997071e-03-1.295594393e-02-1.660066331e-02
-1.989220381e-02-2.274274887e-02-2.507625691e-02-2.682768817e-02-2.794220192e-02
-2.837469519e-02-2.808997828e-02-2.706385382e-02-2.528525121e-02-2.275950181e-02
-1.951270616e-02-1.559687452e-02-1.109536957e-02-6.127797299e-03-8.531436917e-04
 4.530869426e-03 9.959612279e-03 1.540907159e-02 2.085589725e-02 2.627584446e-02
 9.976715025e-03 6.738223519e-03 3.371738003e-03-1.177117255e-04-3.723755695e-03
-7.326538187e-03-1.080995067e-02-1.406586153e-02-1.699626645e-02-1.951415877e-02
-2.154364038e-02-2.301965612e-02-2.388765221e-02-2.410359054e-02-2.363452256e-02
-2.245997192e-02-2.057429187e-02-1.798999968e-02-1.474197081e-02-1.089219990e-02
-6.534371424e-03-1.797787906e-03 3.150541556e-03 8.214876029e-03 1.336377856e-02
 1.856783131e-02 2.379727790e-02 2.901945319e-02 9.515971334e-03 6.708372865e-03
 3.782231482e-03 7.488839223e-04-2.384748394e-03-5.530361482e-03-8.577099578e-03
-1.142119806e-02-1.396770839e-02-1.613158228e-02-1.783820466e-02-1.902358992e-02
-1.963453018e-02-1.962906603e-02-1.897745294e-02-1.766384866e-02-1.568880104e-02
-1.307258602e-02-9.859167588e-03-6.120458403e-03-1.959599653e-03 2.486299730e-03
 7.122781549e-03 1.191306891e-02 1.682414212e-02 2.182444891e-02 2.688165852e-02
 3.196016030e-02 9.124450898e-03 6.720867012e-03 4.217617207e-03 1.629754877e-03
-1.029465366e-03-3.709353601e-03-6.307322774e-03-8.725734455e-03-1.087416394e-02
-1.267092583e-02-1.404401560e-02-1.493179315e-02-1.528360363e-02-1.506067147e-02
-1.423747004e-02-1.280364969e-02-1.076655644e-02-8.154431820e-03-5.020004056e-03
-1.445070000e-03 2.459555863e-03 6.620690311e-03 1.100085327e-02 1.556621931e-02
 2.028551480e-02 2.512843197e-02 3.006368239e-02 3.505677834e-02 8.793607681e-03
 6.767008734e-03 4.664156832e-03 2.502564414e-03 3.019720310e-04-1.913040975e-03
-4.059989248e-03-6.048627580e-03-7.794399030e-03-9.220369403e-03-1.025862041e-02
-1.085124249e-02-1.095137235e-02-1.052451161e-02-9.550301335e-03-8.024689056e-03
-5.962107700e-03-3.398552721e-03-3.932342084e-04 2.959683718e-03 6.621621755e-03
 1.055665382e-02 1.473272278e-02 1.912071971e-02 2.369354440e-02 2.842490419e-02
 3.328780204e-02 3.825278038e-02 8.504938511e-03 6.830450045e-03 5.102492819e-03
 3.339231164e-03 1.563210039e-03-1.976974391e-04-1.901503765e-03-3.466669628e-03
-4.815537718e-03-5.877293589e-03-6.589640224e-03-6.899794845e-03-6.765872148e-03
-6.158478604e-03-5.063142748e-03-3.483072161e-03-1.439593843e-03 1.022219703e-03
 3.850978048e-03 7.018424915e-03 1.049597541e-02 1.425637756e-02 1.827454228e-02
 2.252755285e-02 2.699429735e-02 3.165473938e-02 3.648869904e-02 4.147390471e-02
 8.237552020e-03 6.894592162e-03 5.515579340e-03 4.119239953e-03 2.729617215e-03
 1.376714600e-03 9.838864895e-05-1.060541763e-03-2.028972022e-03-2.743508824e-03
-3.149364356e-03-3.200255491e-03-2.860274228e-03-2.105213713e-03-9.261668331e-04
 6.634667594e-04 2.640321978e-03 4.991400860e-03 7.693276064e-03 1.072423891e-02
 1.406338440e-02 1.769101289e-02 2.158911332e-02 2.574162169e-02 3.013456695e-02
 3.475589428e-02 3.959512837e-02 4.464242947e-02 7.979754475e-03 6.949577556e-03
 5.893070615e-03 4.830397826e-03 3.786295801e-03 2.790406491e-03 1.877889068e-03
 1.089885860e-03 4.750639286e-04 8.145347060e-05-4.730746248e-05 1.278631460e-04
 6.353445523e-04 1.495953724e-03 2.719715219e-03 4.305444724e-03 6.245024571e-03
 8.528769468e-03 1.114368486e-02 1.407594318e-02 1.731187099e-02 2.083869371e-02
 2.464512731e-02 2.872198185e-02 3.306265956e-02 3.766369080e-02 4.252564475e-02
 4.765420612e-02 7.734980535e-03 6.995622044e-03 6.233159489e-03 5.469914901e-03
 4.731089129e-03 4.045125286e-03 3.443956581e-03 2.962947031e-03 2.640165453e-03
 2.513580169e-03 2.618633163e-03 2.986635988e-03 3.642737912e-03 4.605598929e-03
 5.886692807e-03 7.490527353e-03 9.416401761e-03 1.166045745e-02 1.421647550e-02
 1.707714846e-02 2.023503543e-02 2.368344379e-02 2.741712401e-02 3.143304045e-02
 3.573125715e-02 4.031593626e-02 4.519690802e-02 5.039228667e-02 7.518936078e-03
 7.041272253e-03 6.541013664e-03 6.042182775e-03 5.569964721e-03 5.151271754e-03
 4.814967646e-03 4.591658703e-03 4.512928618e-03 4.609994677e-03 4.912246260e-03
 5.445961214e-03 6.233226486e-03 7.291388207e-03 8.632749611e-03 1.026484347e-02
 1.219125445e-02 1.441274621e-02 1.692807721e-02 1.973503119e-02 2.283124014e-02
 2.621502494e-02 2.988616387e-02 3.384670598e-02 3.810189012e-02 4.266135681e-02
 4.754079178e-02 5.276403665e-02 7.349833757e-03 7.097598191e-03 6.824936683e-03
 6.555319116e-03 6.312955308e-03 6.122976442e-03 6.011482498e-03 6.005313390e-03
 6.131518922e-03 6.416581492e-03 6.885498880e-03 7.560938777e-03 8.462563472e-03
 9.606592884e-03 1.100565575e-02 1.266894555e-02 1.460271796e-02 1.681092405e-02
 1.929596861e-02 2.205945248e-02 2.510292074e-02 2.842863708e-02 3.204028459e-02
 3.594374718e-02 4.014787091e-02 4.466539598e-02 4.951498681e-02 5.472219023e-02
 7.232736922e-03 7.171668391e-03 7.092595314e-03 7.018126687e-03 6.971180401e-03
 6.975017640e-03 7.053233978e-03 7.229615312e-03 7.527769078e-03 7.970642813e-03
 8.579936004e-03 9.375594938e-03 1.037533245e-02 1.159434098e-02 1.304520715e-02
 1.473798653e-02 1.668053147e-02 1.887895236e-02 2.133815367e-02 2.406245051e-02
 2.705624100e-02 3.032469759e-02 3.387441568e-02 3.771404210e-02 4.185474942e-02
 4.630961224e-02 5.109898357e-02 5.626063342e-02 7.172104171e-03 7.268614981e-03
 7.350203132e-03 7.438510601e-03 7.554989635e-03 7.720992284e-03 7.957816049e-03
 8.286614360e-03 8.728206248e-03 9.302731879e-03 1.002930511e-02 1.092567376e-02
 1.200791486e-02 1.329025679e-02 1.478499270e-02 1.650250780e-02 1.845155683e-02
 2.063954390e-02 2.307296954e-02 2.575791691e-02 2.870063513e-02 3.190828170e-02
 3.538954374e-02 3.915523098e-02 4.321975324e-02 4.758888770e-02 5.227015231e-02
 5.749689292e-02 7.170275080e-03 7.391203240e-03 7.601790067e-03 7.822439566e-03
 8.072920152e-03 8.372522961e-03 8.740280031e-03 9.194966672e-03 9.755011946e-03
 1.043820458e-02 1.126147124e-02 1.224068202e-02 1.339051946e-02 1.472429177e-02
 1.625381777e-02 1.798943880e-02 1.994025822e-02 2.211437384e-02 2.451911743e-02
 2.716149469e-02 3.004865360e-02 3.318872398e-02 3.659173292e-02 4.026860874e-02
 4.425457433e-02 4.853308546e-02 5.320603527e-02 5.833874219e-02 7.224280413e-03
 7.538475044e-03 7.848237166e-03 8.173194088e-03 8.531049162e-03 8.938748608e-03
 9.412926191e-03 9.970057962e-03 1.062655061e-02 1.139809281e-02 1.229962323e-02
 1.334529436e-02 1.454854839e-02 1.592194291e-02 1.747668251e-02 1.922269942e-02
 2.116911597e-02 2.332421853e-02 2.569564598e-02 2.829061508e-02 3.111590623e-02
 3.417941920e-02 3.749398194e-02 4.103703348e-02 4.497449050e-02 4.923981557e-02
 5.381951432e-02 5.877149159e-02 7.335342728e-03 7.706255202e-03 8.086573416e-03
 8.490805000e-03 8.932799466e-03 9.426418779e-03 9.985610872e-03 1.062434621e-02
 1.135798560e-02 1.220001275e-02 1.316340263e-02 1.426045670e-02 1.550354876e-02
 1.690515220e-02 1.847560716e-02 2.022385337e-02 2.215888390e-02 2.428900172e-02
 2.662176034e-02 2.916458285e-02 3.192172389e-02 3.489536058e-02 3.815894592e-02
 4.170133104e-02 4.551035204e-02 4.960558168e-02 5.401490042e-02 5.877803245e-02
 9.783029556e-01 9.850811318e-01 1.046244274e+00 1.028291398e+00 1.046725866e+00
 1.061084299e+00 1.075107054e+00 1.094968198e+00 1.119274681e+00 1.135452677e+00
 1.158170934e+00 1.188234086e+00 1.209529110e+00 1.245133927e+00 1.277253131e+00
 1.314359753e+00 1.358325480e+00 1.403977150e+00 1.457319897e+00 1.521795347e+00
 1.591802465e+00 1.675409808e+00 1.776846522e+00 1.903894873e+00 2.070113554e+00
 2.289418579e+00 2.599788051e+00 4.107294559e+00
  117    5
 8.903703690e-01 5.522832274e-01 9.018719196e-01 5.462499857e-01 9.101110697e-01
 5.424498320e-01 9.298518300e-01 5.308801532e-01 9.413956404e-01 5.224999785e-01
 9.495925903e-01 5.170082450e-01 9.693332911e-01 5.009504557e-01 9.716485143e-01
 4.987500012e-01 9.890740514e-01 4.827916622e-01 9.963799119e-01 4.749999940e-01
 1.008814812e+00 4.617815316e-01 1.017515898e+00 4.512499869e-01 1.028555512e+00
 4.374665320e-01 1.035727620e+00 4.275000095e-01 1.048296213e+00 4.088108838e-01
 1.051424265e+00 4.037500024e-01 1.064847112e+00 3.799999952e-01 1.068037033e+00
 3.736378551e-01 1.076257110e+00 3.562499881e-01 1.085682869e+00 3.324999809e-01
 1.087777734e+00 3.262137771e-01 1.093432903e+00 3.087500036e-01 1.099487901e+00
 2.849999964e-01 1.103900909e+00 2.612499893e-01 1.106752038e+00 2.374999970e-01
 1.107518435e+00 2.238228619e-01 1.108099341e+00 2.137500048e-01 1.107864141e+00
 1.899999976e-01 1.107518435e+00 1.856096834e-01 1.106036901e+00 1.662499905e-01
 1.102568746e+00 1.424999982e-01 1.097335696e+00 1.187499985e-01 1.090223074e+00
 9.499999881e-02 1.087777734e+00 8.836860210e-02 1.081393719e+00 7.124999911e-02
 1.070713639e+00 4.749999940e-02 1.068037033e+00 4.225044325e-02 1.058269143e+00
 2.374999970e-02 1.048296213e+00 6.875429302e-03 1.044000983e+00 0.000000000e+00
 1.028555512e+00-2.295261063e-02 1.027977467e+00-2.374999970e-02 1.010105848e+00
-4.749999940e-02 1.008814812e+00-4.918501899e-02 9.902578592e-01-7.124999911e-02
 9.890740514e-01-7.266728580e-02 9.693332911e-01-9.390152991e-02 9.681771994e-01
-9.499999881e-02 9.495925903e-01-1.133679673e-01 9.433095455e-01-1.187499985e-01
 9.298518300e-01-1.310583651e-01 9.152339101e-01-1.424999982e-01 9.101110697e-01
-1.469043642e-01 8.903703690e-01-1.614018977e-01 8.824970722e-01-1.662499905e-01
 8.706296086e-01-1.746127754e-01 8.508888483e-01-1.862154305e-01 8.430147767e-01
-1.899999976e-01 8.311481476e-01-1.968648434e-01 8.114073873e-01-2.061968893e-01
 7.919420004e-01-2.137500048e-01 7.916666865e-01-2.138872892e-01 7.719259262e-01
-2.213472724e-01 7.521851659e-01-2.273128182e-01 7.324444652e-01-2.319162786e-01
 7.127037048e-01-2.352325618e-01 6.929630041e-01-2.371487021e-01 6.732222438e-01
-2.363478094e-01 6.605422497e-01-2.137500048e-01 6.582874060e-01-1.899999976e-01
 6.566399932e-01-1.662499905e-01 6.550424099e-01-1.424999982e-01 6.534814835e-01
-1.193059981e-01 6.534516811e-01-1.187499985e-01 6.519100070e-01-9.499999881e-02
 6.505485177e-01-7.124999911e-02 6.494839787e-01-4.749999940e-02 6.488159895e-01
-2.374999970e-02 6.485396028e-01 0.000000000e+00 6.485681534e-01 2.374999970e-02
 6.487979889e-01 4.749999940e-02 6.491495967e-01 7.124999911e-02 6.495835781e-01
 9.499999881e-02 6.500983834e-01 1.187499985e-01 6.507177353e-01 1.424999982e-01
 6.514762640e-01 1.662499905e-01 6.524034739e-01 1.899999976e-01 6.534814835e-01
 2.132093459e-01 6.535057425e-01 2.137500048e-01 6.547158360e-01 2.374999970e-01
 6.560592651e-01 2.612499893e-01 6.575210094e-01 2.849999964e-01 6.591064930e-01
 3.087500036e-01 6.608579159e-01 3.324999809e-01 6.628705859e-01 3.562499881e-01
 6.653098464e-01 3.799999952e-01 6.684256792e-01 4.037500024e-01 6.725562811e-01
 4.275000095e-01 6.732222438e-01 4.307260215e-01 6.779399514e-01 4.512499869e-01
 6.853207350e-01 4.749999940e-01 6.929630041e-01 4.933634698e-01 6.956542730e-01
 4.987500012e-01 7.104874253e-01 5.224999785e-01 7.127037048e-01 5.254822373e-01
 7.324444652e-01 5.450815558e-01 7.341203690e-01 5.462499857e-01 7.521851659e-01
 5.579629540e-01 7.719259262e-01 5.654941797e-01 7.916666865e-01 5.693151951e-01
 8.041545749e-01 5.699999928e-01 8.114073873e-01 5.704214573e-01 8.167386651e-01
 5.699999928e-01 8.311481476e-01 5.690875053e-01 8.508888483e-01 5.656833053e-01
 8.706296086e-01 5.601340532e-01 8.903703690e-01 5.522832274e-01
 6.274595251e-01-7.465404878e-01 1.133540453e+00-7.465404878e-01 1.133540453e+00
 7.465404878e-01 6.274595251e-01 7.465404878e-01 6.274595251e-01-7.465404878e-01
   -4.84932474e-02   psiaxis, psi0*2pi =    -3.04692060e-01
    8.92103374e-01   r-magaxe
    1.95483074e-01   z-magaxe -> shited to:      1.95483074e-01 
    1.66636378e-01   z0 (zaver) -> shited to:      1.66636378e-01 
    8.80000000e-01   r-major
    1.43983775e+00   B0
    4.37068908e-01   CURRT -> I-p [A]:      4.40693125e+05 
    1.75726917e+00   kappa
    9.78302956e-01   q_0        zcs(1)      0.00000000e+00 
    4.10729456e+00   q_edge
    3.57771486e-01   beta_pol
    1.51503533e-02   beta_tor
    7.36633897e-01   li
    2.00000000e+00   number of X points
    7.49611380e-01  R of Xpt nb: 1  -> in [m]:     6.59658015e-01 
   -2.74402987e-01  Z of Xpt nb: 1  -> in [m]:    -2.41474628e-01 
    7.06358864e-01  R of Xpt nb: 2  -> in [m]:     6.21595800e-01 
    7.66140968e-01  Z of Xpt nb: 2  -> in [m]:     6.74204051e-01 
    1.00000000e+00   time
    1.00000000e+00   time effective in node
  31837   shot number
  Liuqe version :  1
