TCV LIUQE #36151 t= 0.5  13-Oct-200                3  28  65
 5.329999328e-01 1.519999981e+00 8.800000000e-01 6.140000224e-01 0.000000000e+00
 9.139935374e-01 3.417667747e-01 3.382604703e-02 0.000000000e+00-1.437794022e+00
-2.286653750e+05 3.382604703e-02 0.000000000e+00 9.139935374e-01 0.000000000e+00
 3.417667747e-01 0.000000000e+00 0.000000000e+00 6.991854906e-01-1.722358614e-01
-1.282614934e+00-1.280964541e+00-1.279419340e+00-1.277976187e+00-1.276631896e+00
-1.275383244e+00-1.274226975e+00-1.273159798e+00-1.272178395e+00-1.271279417e+00
-1.270459491e+00-1.269715219e+00-1.269043181e+00-1.268439938e+00-1.267902033e+00
-1.267425990e+00-1.267008322e+00-1.266645527e+00-1.266334091e+00-1.266070492e+00
-1.265851198e+00-1.265672669e+00-1.265531361e+00-1.265423723e+00-1.265346201e+00
-1.265295237e+00-1.265267270e+00-1.265258740e+00
 2.608308203e+04 2.418678149e+04 2.236203863e+04 2.060885472e+04 1.892722934e+04
 1.731716249e+04 1.577865416e+04 1.431170436e+04 1.291631308e+04 1.159248034e+04
 1.034020612e+04 9.159490422e+03 8.050333255e+03 7.012734615e+03 6.046694502e+03
 5.152212916e+03 4.329289857e+03 3.577925324e+03 2.898119319e+03 2.289871840e+03
 1.753182889e+03 1.288052464e+03 8.944805659e+02 5.724671949e+02 3.220123508e+02
 1.431160325e+02 3.577865968e+01-1.020253207e-03
 1.744559701e+00 1.633163306e+00 1.525365568e+00 1.421166551e+00 1.320566233e+00
 1.223564614e+00 1.130161696e+00 1.040357477e+00 9.541519570e-01 8.715451369e-01
 7.925370164e-01 7.171275955e-01 6.453168741e-01 5.771048522e-01 5.124915300e-01
 4.514769073e-01 3.940609841e-01 3.402437605e-01 2.900252364e-01 2.434054119e-01
 2.003842870e-01 1.609618616e-01 1.251381358e-01 9.291310952e-02 6.428678281e-02
 3.925915560e-02 1.783024899e-02-0.000000000e+00
 1.542189250e+06 1.485071130e+06 1.427953009e+06 1.370834889e+06 1.313716769e+06
 1.256598648e+06 1.199480528e+06 1.142362407e+06 1.085244287e+06 1.028126167e+06
 9.710080463e+05 9.138899259e+05 8.567718056e+05 7.996536852e+05 7.425355648e+05
 6.854174444e+05 6.282993241e+05 5.711812037e+05 5.140630833e+05 4.569449630e+05
 3.998268426e+05 3.427087222e+05 2.855906019e+05 2.284724815e+05 1.713543611e+05
 1.142362407e+05 5.711812037e+04-0.000000000e+00
-1.506262685e-02-1.355070281e-02-1.201709767e-02-1.045461364e-02-8.860949670e-03
-7.231246969e-03-5.560297514e-03-3.843255547e-03-2.079695515e-03-2.639070295e-04
 1.611299877e-03 3.553688728e-03 5.568065075e-03 7.654756643e-03 9.822197410e-03
 1.208100500e-02 1.444181127e-02 1.690610558e-02 1.947525159e-02 2.216238675e-02
 2.499365905e-02 2.800610687e-02 3.101205178e-02 3.410495117e-02 3.739398844e-02
 4.090255464e-02 4.465559181e-02 4.868883749e-02-1.546884405e-02-1.390961265e-02
-1.232779065e-02-1.072055464e-02-9.084861888e-03-7.416781468e-03-5.711935421e-03
-3.965862186e-03-2.174578671e-03-3.327056960e-04 1.566052542e-03 3.528259910e-03
 5.559936439e-03 7.666662635e-03 9.856149735e-03 1.213737659e-02 1.451948333e-02
 1.701023513e-02 1.961855631e-02 2.235788905e-02 2.524564560e-02 2.829680731e-02
 3.150398430e-02 3.493632511e-02 3.830489615e-02 4.191377838e-02 4.578299991e-02
 4.992997772e-02-1.583566908e-02-1.423040031e-02-1.260554456e-02-1.095887251e-02
-9.287547752e-03-7.587961899e-03-5.855921975e-03-4.086751494e-03-2.275437205e-03
-4.163235606e-04 1.496911106e-03 3.470950058e-03 5.512669988e-03 7.629305295e-03
 9.829037086e-03 1.212094738e-02 1.451477453e-02 1.702085987e-02 1.965101868e-02
 2.241985642e-02 2.534523593e-02 2.844861301e-02 3.176047688e-02 3.535198481e-02
 3.895963144e-02 4.264459913e-02 4.660994609e-02 5.080457870e-02-1.615364878e-02
-1.450670874e-02-1.284336321e-02-1.116247500e-02-9.461633977e-03-7.737364579e-03
-5.985360581e-03-4.200622665e-03-2.377606933e-03-5.102157610e-04 1.408189647e-03
 3.384679788e-03 5.426772059e-03 7.542476515e-03 9.740531590e-03 1.203051259e-02
 1.442287884e-02 1.692912071e-02 1.956226773e-02 2.233749572e-02 2.527250390e-02
 2.838770338e-02 3.170625276e-02 3.525018891e-02 3.900554075e-02 4.306825585e-02
 4.720843193e-02 5.132772376e-02-1.641962773e-02-1.473210735e-02-1.303344998e-02
-1.132318840e-02-9.599011493e-03-7.857244478e-03-6.093189228e-03-4.301365584e-03
-2.475708786e-03-6.096139861e-04 1.303963450e-03 3.272548478e-03 5.304128067e-03
 7.407210903e-03 9.590991357e-03 1.186541530e-02 1.424140569e-02 1.673096459e-02
 1.934754128e-02 2.210634362e-02 2.502465341e-02 2.812181455e-02 3.141929233e-02
 3.494001294e-02 3.870927655e-02 4.278246460e-02 4.723606574e-02 5.146254885e-02
-1.662633937e-02-1.489731730e-02-1.316580980e-02-1.143115045e-02-9.690407962e-03
-7.939126707e-03-6.171856169e-03-4.382386924e-03-2.564005583e-03-7.095709810e-04
 1.188457066e-03 3.137990787e-03 5.147390048e-03 7.225483997e-03 9.381726693e-03
 1.162629583e-02 1.397026379e-02 1.642573695e-02 1.900611127e-02 2.172632660e-02
 2.460302441e-02 2.765476005e-02 3.090205016e-02 3.436746522e-02 3.807608244e-02
 4.205594118e-02 4.631980535e-02 5.080923651e-02-1.676018973e-02-1.498807581e-02
-1.322694473e-02-1.147416641e-02-9.725049235e-03-7.973648807e-03-6.213277828e-03
-4.436723984e-03-2.636514681e-03-8.048936969e-04 1.066140873e-03 2.984844249e-03
 4.959844141e-03 7.000118585e-03 9.115234293e-03 1.131535384e-02 1.361145118e-02
 1.601544772e-02 1.854037538e-02 2.120060599e-02 2.401201383e-02 2.699216529e-02
 3.016055487e-02 3.353884944e-02 3.715123451e-02 4.102471068e-02 4.518795288e-02
 4.967843703e-02-1.679652966e-02-1.498325199e-02-1.319915084e-02-1.143756917e-02
-9.690832477e-03-7.950775381e-03-6.209090780e-03-4.457377006e-03-2.687282789e-03
-8.904636052e-04 9.415149708e-04 2.817153915e-03 4.745185584e-03 6.734617511e-03
 8.794911465e-03 1.093603644e-02 1.316866282e-02 1.550423415e-02 1.795519180e-02
 2.053506809e-02 2.325870800e-02 2.614246367e-02 2.920442087e-02 3.246482590e-02
 3.594680180e-02 3.967773334e-02 4.369215568e-02 4.803999797e-02-1.669855795e-02
-1.485505313e-02-1.306121778e-02-1.130503504e-02-9.575035869e-03-7.860489411e-03
-6.151263030e-03-4.437729836e-03-2.710722433e-03-9.613931484e-04 8.189902261e-04
 2.639018194e-03 4.507407548e-03 6.433017820e-03 8.425005139e-03 1.049295875e-02
 1.264702610e-02 1.489801692e-02 1.725752000e-02 1.973802652e-02 2.235308421e-02
 2.511742777e-02 2.804719710e-02 3.116024317e-02 3.447676485e-02 3.802030730e-02
 4.181970201e-02 4.591277350e-02-1.642245822e-02-1.457272560e-02-1.279122372e-02
-1.106060320e-02-9.365871998e-03-7.693864812e-03-6.032869527e-03-4.372235615e-03
-2.702191515e-03-1.013569539e-03 7.024184033e-04 2.454288406e-03 4.250504094e-03
 6.099581859e-03 8.010223522e-03 9.991460407e-03 1.205275221e-02 1.420407800e-02
 1.645600085e-02 1.881980956e-02 2.130753640e-02 2.393201761e-02 2.670697881e-02
 2.964709777e-02 3.276815271e-02 3.608717167e-02 3.962244913e-02 4.339302660e-02
-1.592952845e-02-1.410971941e-02-1.237076511e-02-1.069152397e-02-9.054389284e-03
-7.444508361e-03-5.849145739e-03-4.257101570e-03-2.658382255e-03-1.043878503e-03
 5.949735838e-04 2.266369862e-03 3.978297339e-03 5.738720197e-03 7.555715935e-03
 9.437554003e-03 1.139288479e-02 1.343072983e-02 1.556054527e-02 1.779229298e-02
 2.013641746e-02 2.260378772e-02 2.520558227e-02 2.795315631e-02 3.085760176e-02
 3.392940819e-02 3.717722006e-02 4.060581613e-02-1.519504240e-02-1.344942392e-02
-1.178915434e-02-1.019109403e-02-8.636486057e-03-7.109895496e-03-5.598426215e-03
-4.091009690e-03-2.578005395e-03-1.050762868e-03 4.987120875e-04 2.077929716e-03
 3.694184296e-03 5.354672653e-03 7.066652454e-03 8.837506469e-03 1.067493941e-02
 1.258693704e-02 1.458180050e-02 1.666818614e-02 1.885502061e-02 2.115135037e-02
 2.356609023e-02 2.610765579e-02 2.878333023e-02 3.159843538e-02 3.455495154e-02
 3.764986441e-02-1.421156986e-02-1.258875486e-02-1.104621593e-02-9.560857297e-03
-8.114494779e-03-6.692510462e-03-5.282923650e-03-3.875628094e-03-2.461962438e-03
-1.034267250e-03 4.144832782e-04 1.890830705e-03 3.401085879e-03 4.951454925e-03
 6.548211451e-03 8.197740081e-03 9.906679499e-03 1.168193697e-02 1.353070910e-02
 1.546040948e-02 1.747864500e-02 1.959296326e-02 2.181057034e-02 2.413780315e-02
 2.657935862e-02 2.913721703e-02 3.180902577e-02 3.458597673e-02-1.299078027e-02
-1.154051767e-02-1.015428097e-02-8.811954921e-03-7.498082064e-03-6.200448100e-03
-4.909146587e-03-3.615908372e-03-2.313710870e-03-9.963587366e-04 3.417879355e-04
 1.705966922e-03 3.101281781e-03 4.532732313e-03 6.005443828e-03 7.524669405e-03
 9.095944938e-03 1.072505948e-02 1.241812108e-02 1.418148739e-02 1.602167671e-02
 1.794520858e-02 1.995827996e-02 2.206619254e-02 2.427265907e-02 2.657852382e-02
 2.897994244e-02 3.146562852e-02-1.156854634e-02-1.033561656e-02-9.139113275e-03
-7.965505348e-03-6.804335837e-03-5.647320171e-03-4.487723323e-03-3.319859692e-03
-2.138905310e-03-9.405910869e-04 2.789944401e-04 1.523524535e-03 2.796627774e-03
 4.101954594e-03 5.443334674e-03 6.824791423e-03 8.250639066e-03 9.725600630e-03
 1.125472050e-02 1.284339285e-02 1.449736941e-02 1.622255898e-02 1.802485499e-02
 1.990966466e-02 2.188136478e-02 2.394227001e-02 2.609080799e-02 2.831886076e-02
-1.000846948e-02-9.023186229e-03-8.038986800e-03-7.051475441e-03-6.056785862e-03
-5.051542098e-03-4.032850511e-03-2.998143553e-03-1.945205118e-03-8.719861500e-04
 2.234429204e-04 1.342974680e-03 2.488598397e-03 3.662437257e-03 4.866898132e-03
 6.104662998e-03 7.378838938e-03 8.692943025e-03 1.005101231e-02 1.145759253e-02
 1.291780990e-02 1.443730287e-02 1.602219847e-02 1.767890947e-02 1.941396369e-02
 2.123345493e-02 2.314212995e-02 2.514200697e-02-8.393343773e-03-7.664770103e-03
-6.900537747e-03-6.105788319e-03-5.283274053e-03-4.434682635e-03-3.561086914e-03
-2.663187696e-03-1.741491317e-03-7.963702641e-04 1.720041143e-04 1.163609362e-03
 2.178646695e-03 3.217645200e-03 4.281431451e-03 5.371280329e-03 6.488979125e-03
 7.636838068e-03 8.817799713e-03 1.003557442e-02 1.129467117e-02 1.260053457e-02
 1.395974340e-02 1.538014408e-02 1.687105817e-02 1.844361436e-02 2.011099398e-02
 2.188990963e-02-6.808947993e-03-6.323989740e-03-5.772348800e-03-5.165968518e-03
-4.513017849e-03-3.819458385e-03-3.089889832e-03-2.328045670e-03-1.537106948e-03
-7.198006270e-04 1.215338726e-04 9.848848192e-04 1.868627996e-03 2.771541651e-03
 3.692865394e-03 4.632353764e-03 5.590379398e-03 6.567933029e-03 7.566780012e-03
 8.589610919e-03 9.640187099e-03 1.072361400e-02 1.184666904e-02 1.301829550e-02
 1.425024107e-02 1.555809423e-02 1.696246175e-02 1.849080670e-02-5.326647533e-03
-5.056340425e-03-4.698094038e-03-4.266843187e-03-3.773801061e-03-3.227830008e-03
-2.636313392e-03-2.005547349e-03-1.341119501e-03-6.480366535e-04 6.923824960e-05
 8.066967008e-04 1.560859494e-03 2.328716238e-03 3.107853466e-03 3.896430230e-03
 4.693255098e-03 5.497925198e-03 6.310827989e-03 7.133424667e-03 7.968396321e-03
 8.819997587e-03 9.694583745e-03 1.060125993e-02 1.155293059e-02 1.256786349e-02
 1.367164459e-02 1.490028298e-02-3.991648521e-03-3.901839241e-03-3.712296452e-03
-3.437578773e-03-3.089800600e-03-2.679400206e-03-2.215728189e-03-1.707188885e-03
-1.161523175e-03-5.858615141e-04 1.329183642e-05 6.299689652e-04 1.258790524e-03
 1.894965875e-03 2.534337541e-03 3.173411128e-03 3.809407572e-03 4.440292936e-03
 5.064942194e-03 5.683236176e-03 6.296358897e-03 6.907068522e-03 7.520295594e-03
 8.143901945e-03 8.789919853e-03 9.476334299e-03 1.022968460e-02 1.108886311e-02
-2.826213995e-03-2.885416083e-03-2.839662116e-03-2.700895143e-03-2.480790074e-03
-2.190597451e-03-1.841105505e-03-1.442536694e-03-1.004606546e-03-5.364567015e-04
-4.658848058e-05 4.570931420e-04 9.673238366e-04 1.477517253e-03 1.981779981e-03
 2.474889253e-03 2.952404408e-03 3.410570474e-03 3.846548504e-03 4.258342210e-03
 4.645154143e-03 5.007520581e-03 5.347847800e-03 5.671084131e-03 5.985923242e-03
 6.306492123e-03 6.654970509e-03 7.065572193e-03-1.835621936e-03-2.021275461e-03
-2.097658853e-03-2.074383294e-03-1.962766175e-03-1.774862453e-03-1.522928524e-03
-1.218989553e-03-8.747056266e-04-5.012229379e-04-1.089945446e-04 2.921298255e-04
 6.930306729e-04 1.085311204e-03 1.461341948e-03 1.814201556e-03 2.137720699e-03
 2.426430632e-03 2.675592909e-03 2.881162037e-03 3.039941405e-03 3.149643611e-03
 3.209129104e-03 3.218926453e-03 3.181971691e-03 3.104880674e-03 2.999953968e-03
 2.888552812e-03-1.023724702e-03-1.321233839e-03-1.501098303e-03-1.572914451e-03
-1.548998117e-03-1.443035914e-03-1.269184032e-03-1.041539074e-03-7.738396815e-04
-4.792511621e-04-1.702830230e-04 1.412928128e-04 4.445314414e-04 7.292554290e-04
 9.861439871e-04 1.206606648e-03 1.382835238e-03 1.507639899e-03 1.574411965e-03
 1.576982475e-03 1.509614399e-03 1.366801635e-03 1.143284139e-03 8.340925332e-04
 4.346519760e-04-5.877017966e-05-6.484315238e-04-1.333773194e-03-4.054233465e-04
-8.022561885e-04-1.066505950e-03-1.211062131e-03-1.251362248e-03-1.203909554e-03
-1.085512345e-03-9.126812116e-04-7.014796228e-04-4.672259233e-04-2.244636505e-04
 1.309812078e-05 2.326890963e-04 4.224032145e-04 5.712956318e-04 6.692707897e-04
 7.070005442e-04 6.757230062e-04 5.671456767e-04 3.731399934e-04 8.551777037e-05
-3.043338787e-04-8.058100954e-04-1.429617438e-03-2.188317608e-03-3.097087321e-03
-4.174471104e-03-5.442988422e-03-1.240521713e-05-4.900917529e-04-8.141249762e-04
-1.004114811e-03-1.080632273e-03-1.064218623e-03-9.749308709e-04-8.321032110e-04
-6.542354801e-04-4.588812865e-04-2.626553284e-04-8.118898235e-05 7.094443045e-05
 1.802071967e-04 2.341270601e-04 2.213045954e-04 1.311227715e-04-4.640221785e-05
-3.209337730e-04-7.021576021e-04-1.200206607e-03-1.826249103e-03-2.593159877e-03
-3.516517558e-03-4.615944116e-03-5.916941889e-03-7.453579706e-03-9.271827052e-03
 1.056864867e-04-4.187152014e-04-7.670000060e-04-9.671226217e-04-1.045711374e-03
-1.027897002e-03-9.373202889e-04-7.961839458e-04-6.254166174e-04-4.447773090e-04
-2.728775262e-04-1.272782703e-04-2.434849696e-05 2.074241730e-05-5.751848320e-06
-1.163333665e-04-3.224537050e-04-6.349235945e-04-1.064240930e-03-1.621037788e-03
-2.316601694e-03-3.163620894e-03-4.177097347e-03-5.375646433e-03-6.783321740e-03
-8.432373680e-03-1.036748722e-02-1.265240132e-02-1.024231370e-04-6.219968538e-04
-9.463578387e-04-1.111999190e-03-1.151621402e-03-1.094758521e-03-9.683668931e-04
-7.972195910e-04-6.043911074e-04-4.116296954e-04-2.394393183e-04-1.072883591e-04
-3.344565619e-05-3.477186098e-05-1.261383305e-04-3.206133856e-04-6.300434480e-04
-1.065477790e-03-1.637578022e-03-2.357125408e-03-3.235578597e-03-4.285857141e-03
-5.523287019e-03-6.966911533e-03-8.641425493e-03-1.057994761e-02-1.282851822e-02
-1.545329470e-02-6.818697317e-04-1.126915253e-03-1.366257651e-03-1.443691660e-03
-1.396864695e-03-1.258671351e-03-1.058422078e-03-8.227080694e-04-5.761906748e-04
-3.421306678e-04-1.427158707e-04 6.183982062e-07 6.750226172e-05 3.851950207e-05
-1.018494430e-04-3.663897714e-04-7.666796926e-04-1.313351107e-03-2.016522046e-03
-2.886265706e-03-3.933161469e-03-5.168992893e-03-6.607551091e-03-8.265696905e-03
-1.016480492e-02-1.233273068e-02-1.480673666e-02-1.763778248e-02-1.660160780e-03
-1.945033770e-03-2.027511714e-03-1.955963703e-03-1.770570907e-03-1.505650577e-03
-1.191295715e-03-8.546784833e-04-5.210787336e-04-2.146363231e-04 4.124641535e-05
 2.228170606e-04 3.057867391e-04 2.690479216e-04 9.566545749e-05-2.260804288e-04
-7.059500024e-04-1.353494921e-03-2.177551463e-03-3.186665667e-03-4.389580560e-03
-5.795806824e-03-7.416132838e-03-9.263251370e-03-1.135246098e-02-1.370232590e-02
-1.633534604e-02-1.927808324e-02-3.036126697e-03-3.064431369e-03-2.912059453e-03
-2.627581481e-03-2.250157353e-03-1.812622075e-03-1.343712246e-03-8.695498565e-04
-4.148632519e-04-3.822147974e-06 3.392696367e-04 5.856454397e-04 7.087290653e-04
 6.853342592e-04 4.968792163e-04 1.305267234e-04-4.198327778e-04-1.160301286e-03
-2.097733410e-03-3.238461861e-03-4.588663676e-03-6.154771803e-03-7.943708626e-03
-9.963080734e-03-1.222111637e-02-1.472631829e-02-1.748634556e-02-2.050517653e-02
-4.770528728e-03-4.442580041e-03-3.978341807e-03-3.419734608e-03-2.799950673e-03
-2.146870011e-03-1.485340398e-03-8.385927059e-04-2.294555398e-04 3.190189707e-04
 7.779449098e-04 1.115784105e-03 1.303352469e-03 1.315020115e-03 1.130215844e-03
 7.346794115e-04 1.216530822e-04-7.072687566e-04-1.754283988e-03-3.022991330e-03
-4.516508538e-03-6.237778760e-03-8.189629824e-03-1.037462809e-02-1.279453210e-02
-1.544936022e-02-1.833595706e-02-2.144608963e-02-6.772321104e-03-6.000165254e-03
-5.158905320e-03-4.275459779e-03-3.371693239e-03-2.467036314e-03-1.580022265e-03
-7.293522197e-04 6.519257982e-05 7.808357340e-04 1.383356840e-03 1.838736283e-03
 2.114921830e-03 2.183467255e-03 2.021335195e-03 1.612477077e-03 9.492263551e-04
 3.323704166e-05-1.124069119e-03-2.522006737e-03-4.160210712e-03-6.038025372e-03
-8.154463243e-03-1.050776223e-02-1.309453393e-02-1.590837977e-02-1.893802401e-02
-2.216477731e-02-8.892912821e-03-7.621396623e-03-6.362825768e-03-5.122695238e-03
-3.907472072e-03-2.725772565e-03-1.588150902e-03-5.076080828e-04 5.002692609e-04
 1.408390788e-03 2.179741926e-03 2.777204127e-03 3.165207786e-03 3.311991931e-03
 3.191441464e-03 2.785228414e-03 2.084404314e-03 1.090623499e-03-1.831799706e-04
-1.717098144e-03-3.506846793e-03-5.548328081e-03-7.837347995e-03-1.036902164e-02
-1.313674473e-02-1.613041427e-02-1.933406707e-02-2.272064325e-02-1.094146146e-02
-9.166602414e-03-7.485635941e-03-5.881574315e-03-4.345368722e-03-2.874158425e-03
-1.470312500e-03-1.409575380e-04 1.101858924e-03 2.224318694e-03 3.186889190e-03
 3.948800349e-03 4.470445375e-03 4.715882472e-03 4.655316718e-03 4.267476699e-03
 3.541611092e-03 2.478838104e-03 1.092918238e-03-5.897283602e-04-2.543307797e-03
-4.760444416e-03-7.234618189e-03-9.959462868e-03-1.292761051e-02-1.612890594e-02
-1.954750456e-02-2.315706150e-02-1.272741363e-02-1.049793909e-02-8.425261864e-03
-6.475598002e-03-4.627153453e-03-2.867400866e-03-1.191295715e-03 3.998130827e-04
 1.891486451e-03 3.245100544e-03 4.417531271e-03 5.363569093e-03 6.038665702e-03
 6.401881762e-03 6.418906246e-03 6.064810148e-03 5.326420453e-03 4.203885978e-03
 2.711437765e-03 8.773133418e-04-1.257315244e-03-3.665640983e-03-6.339914990e-03
-9.273849428e-03-1.246198726e-02-1.589824713e-02-1.957360750e-02-2.347167235e-02
-1.410463116e-02-1.150527223e-02-9.098869112e-03-6.842430743e-03-4.706137001e-03
-2.670690529e-03-7.254928219e-04 1.132793766e-03 2.881258680e-03 4.477799093e-03
 5.874738197e-03 7.021427352e-03 7.867403792e-03 8.365802458e-03 8.476920506e-03
 8.171431994e-03 7.433138941e-03 6.260774916e-03 4.668869189e-03 2.687446726e-03
 3.605038099e-04-2.256497808e-03-5.145769657e-03-8.302208180e-03-1.172417861e-02
-1.541321002e-02-1.937331694e-02-2.361013783e-02-1.498901140e-02-1.212037820e-02
-9.453408698e-03-6.942123638e-03-4.553113194e-03-2.263523653e-03-5.962699654e-05
 2.063557563e-03 4.071265582e-03 5.917556724e-03 7.549360658e-03 8.909635520e-03
 9.941034401e-03 1.058986087e-02 1.081013684e-02 1.056739002e-02 9.841830054e-03
 8.630439679e-03 6.947957165e-03 4.826456535e-03 2.313621342e-03-5.297139278e-04
-3.647290186e-03-7.034178817e-03-1.069316985e-02-1.463444514e-02-1.887636732e-02
-2.344676587e-02-1.535338184e-02-1.231868966e-02-9.469341656e-03-6.760783894e-03
-4.159722461e-03-1.642264439e-03 8.074939268e-04 3.184586966e-03 5.447782598e-03
 7.545411955e-03 9.417809894e-03 1.100055208e-02 1.222850389e-02 1.304026001e-02
 1.338279281e-02 1.321580299e-02 1.251541096e-02 1.127658777e-02 9.514205682e-03
 7.262513464e-03 4.573039915e-03 1.511246055e-03-1.847662072e-03-5.466562061e-03
-9.353395637e-03-1.352607856e-02-1.801558680e-02-2.286988999e-02-1.521834449e-02
-1.211596703e-02-9.159900291e-03-6.311137482e-03-3.539755913e-03-8.234083565e-04
 1.853749211e-03 4.470885009e-03 6.981343272e-03 9.326987351e-03 1.144080639e-02
 1.325026935e-02 1.468175724e-02 1.566544915e-02 1.614067023e-02 1.606077718e-02
 1.539739268e-02 1.414329643e-02 1.231354567e-02 9.944849109e-03 7.093057182e-03
 3.829032211e-03 2.332106245e-04-3.611497801e-03-7.705670011e-03-1.207084272e-02
-1.674517280e-02-2.178866393e-02-1.464924981e-02-1.156480278e-02-8.568204917e-03
-5.630184223e-03-2.726972295e-03 1.602992445e-04 3.042467152e-03 5.882144091e-03
 8.627050079e-03 1.121223696e-02 1.356291059e-02 1.559799984e-02 1.723498156e-02
 1.839525994e-02 1.901008962e-02 1.902617614e-02 1.841045949e-02 1.715341297e-02
 1.527041282e-02 1.280102908e-02 9.806215835e-03 6.363786857e-03 2.562902792e-03
-1.501552760e-03-5.776759371e-03-1.028468067e-02-1.506356600e-02-2.017301352e-02
-1.375394007e-02-1.074932207e-02-7.761918279e-03-4.774857479e-03-1.771710902e-03
 1.263238596e-03 4.323668938e-03 7.364385261e-03 1.032618474e-02 1.313689414e-02
 1.571377392e-02 1.796717191e-02 1.980561812e-02 2.114170035e-02 2.189854697e-02
 2.201615429e-02 2.145674994e-02 2.020853050e-02 1.828735363e-02 1.573592460e-02
 1.262077019e-02 9.027213194e-03 5.053170197e-03 8.018911113e-04-3.626316999e-03
-8.226074694e-03-1.302877794e-02-1.808227245e-02-1.266960485e-02-9.773966314e-03
-6.824452878e-03-3.815673322e-03-7.380172811e-04 2.420574426e-03 5.634255656e-03
 8.852079911e-03 1.200862990e-02 1.502490073e-02 1.781061354e-02 2.026794129e-02
 2.229687744e-02 2.380152780e-02 2.469726679e-02 2.491761865e-02 2.442030025e-02
 2.319137846e-02 2.124727658e-02 1.863395490e-02 1.542373041e-02 1.170990636e-02
 7.600180941e-03 3.209531386e-03-1.346156025e-03-5.994968499e-03-1.075599336e-02
-1.565650112e-02-1.153259773e-02-8.744802659e-03-5.842484526e-03-2.827033381e-03
 3.070980450e-04 3.564909330e-03 6.905510978e-03 1.027324840e-02 1.359733190e-02
 1.679278966e-02 1.976262824e-02 2.240172084e-02 2.460239119e-02 2.626111449e-02
 2.728623339e-02 2.760539296e-02 2.717219295e-02 2.597085517e-02 2.401837682e-02
 2.136389257e-02 1.808530928e-02 1.428360583e-02 1.007595673e-02 5.588263344e-03
 9.479373941e-04-3.722839074e-03-8.403748547e-03-1.310334795e-02-1.045148906e-02
-7.753133897e-03-4.894919695e-03-1.879699631e-03 1.297913515e-03 4.629194802e-03
 8.068070244e-03 1.155455394e-02 1.501347913e-02 1.835496064e-02 2.147656698e-02
 2.426715223e-02 2.661265579e-02 2.840320885e-02 2.954125592e-02 2.994952337e-02
 2.957816503e-02 2.840983983e-02 2.646212364e-02 2.378694724e-02 2.046711008e-02
 1.661041412e-02 1.234250520e-02 7.799275619e-03 3.120124387e-03-1.556664738e-03
-6.143346651e-03-1.063519388e-02-9.498391304e-03-6.867595128e-03-4.046231634e-03
-1.036055431e-03 2.169862461e-03 5.550198676e-03 9.056695066e-03 1.262679759e-02
 1.618237114e-02 1.963012731e-02 2.286370251e-02 2.576757403e-02 2.822302467e-02
 3.011553016e-02 3.134313334e-02 3.182492493e-02 3.150849033e-02 3.037531688e-02
 2.844349274e-02 2.576711157e-02 2.243279821e-02 1.855360768e-02 1.426173737e-02
 9.700633680e-03 5.017914089e-03 3.595575812e-04-4.135299495e-03-8.441124267e-03
-8.719414751e-03-6.135046667e-03-3.343373745e-03-3.438293957e-04 2.872712939e-03
 6.275549943e-03 9.815969013e-03 1.343039425e-02 1.703929190e-02 2.054756164e-02
 2.384668768e-02 2.681869272e-02 2.934221283e-02 3.129999406e-02 3.258755112e-02
 3.312184030e-02 3.284896238e-02 3.174975490e-02 2.984261668e-02 2.718302639e-02
 2.385999232e-02 1.998993836e-02 1.570917659e-02 1.116595412e-02 6.513379857e-03
 1.904055600e-03-2.512477379e-03-6.668139375e-03-8.138217235e-03-5.581390466e-03
-2.814836869e-03 1.661628611e-04 3.371700650e-03 6.767161109e-03 1.030442892e-02
 1.392016625e-02 1.753486718e-02 2.105325415e-02 2.436649828e-02 2.735620726e-02
 2.990055233e-02 3.188174356e-02 3.319479526e-02 3.375621309e-02 3.351177295e-02
 3.244225071e-02 3.056620881e-02 2.793958842e-02 2.465222074e-02 2.082163247e-02
 1.658555152e-02 1.209383532e-02 7.501170472e-03 2.961456781e-03-1.375950946e-03
-5.412843097e-03-7.751818848e-03-5.211342437e-03-2.471111749e-03 4.787072520e-04
 3.647856404e-03 7.002949674e-03 1.049720508e-02 1.406859598e-02 1.763890780e-02
 2.111426813e-02 2.438738253e-02 2.734151524e-02 2.985653319e-02 3.181635636e-02
 3.311755483e-02 3.367795051e-02 3.344427029e-02 3.239777147e-02 3.055702126e-02
 2.797754814e-02 2.474835566e-02 2.098587955e-02 1.682654810e-02 1.241867248e-02
 7.915101872e-03 3.467038411e-03-7.805303172e-04-4.717882911e-03-7.537353873e-03
-5.011402286e-03-2.306386944e-03 5.929470202e-04 3.697790304e-03 6.977386861e-03
 1.038720465e-02 1.386756430e-02 1.734271001e-02 2.072163660e-02 2.390025723e-02
 2.676543621e-02 2.920085163e-02 3.109426070e-02 3.234579563e-02 3.287626180e-02
 3.263452053e-02 3.160289872e-02 2.979982839e-02 2.727960953e-02 2.412889307e-02
 2.046100085e-02 1.640857017e-02 1.211576900e-02 7.730864041e-03 3.400020441e-03
-7.379204163e-04-4.579346872e-03-7.454317271e-03-4.953332338e-03-2.300180632e-03
 5.238726931e-04 3.533534927e-03 6.701067171e-03 9.984873307e-03 1.332830664e-02
 1.665916341e-02 1.989049507e-02 2.292297811e-02 2.564875957e-02 2.795717853e-02
 2.974169826e-02 3.090777993e-02 3.138072784e-02 3.111259786e-02 3.008727026e-02
 2.832300393e-02 2.587204510e-02 2.281748489e-02 1.926776088e-02 1.534971654e-02
 1.120119600e-02 6.963938741e-03 2.777546822e-03-1.225195865e-03-4.962254569e-03
-7.456578585e-03-4.999298859e-03-2.421654835e-03 2.982243945e-04 3.179676878e-03
 6.198324338e-03 9.315885922e-03 1.247932835e-02 1.562069362e-02 1.865810246e-02
 2.149816034e-02 2.403970930e-02 2.617926132e-02 2.781754148e-02 2.886676051e-02
 2.925789319e-02 2.894701998e-02 2.792003938e-02 2.619490197e-02 2.382128080e-02
 2.087763765e-02 1.746618109e-02 1.370636354e-02 9.728067087e-03 5.664862848e-03
 1.648433547e-03-2.195201900e-03-5.816817363e-03-7.491879161e-03-5.105998627e-03
-2.633228838e-03-4.908442521e-05 2.670012549e-03 5.504056953e-03 8.418150641e-03
 1.136313433e-02 1.427572977e-02 1.707980108e-02 1.968876378e-02 2.200912726e-02
 2.394572068e-02 2.540758986e-02 2.631471488e-02 2.660456391e-02 2.623788236e-02
 2.520281937e-02 2.351692472e-02 2.122690696e-02 1.840587045e-02 1.514879633e-02
 1.156669887e-02 7.780269076e-03 3.913678236e-03 8.873642105e-05-3.581196248e-03
-7.083233449e-03-7.505334990e-03-5.228921874e-03-2.895482015e-03-4.792362655e-04
 2.043113241e-03 4.659421946e-03 7.337488427e-03 1.003181188e-02 1.268394351e-02
 1.522384659e-02 1.757220199e-02 1.964387307e-02 2.135256110e-02 2.261631922e-02
 2.336348026e-02 2.353850148e-02 2.310705883e-02 2.205966592e-02 2.041342906e-02
 1.821176027e-02 1.552201162e-02 1.243133086e-02 9.041652048e-03 5.464032163e-03
 1.813344670e-03-1.796297804e-03-5.301140452e-03-8.689985055e-03-7.453363890e-03
-5.330517973e-03-3.173746115e-03-9.581894221e-04 1.336887541e-03 3.707304841e-03
 6.123080792e-03 8.542150591e-03 1.091084656e-02 1.316525840e-02 1.523355470e-02
 1.703910573e-02 1.850478369e-02 1.955781150e-02 2.013504668e-02 2.018802570e-02
 1.968741434e-02 1.862606460e-02 1.702056105e-02 1.491086265e-02 1.235830120e-02
 9.441987104e-03 6.254412524e-03 2.896577098e-03-5.264282333e-04-3.924817017e-03
-7.276427010e-03-1.056425359e-02-7.307410693e-03-5.384720742e-03-3.441527476e-03
-1.456566151e-03 5.861819016e-04 2.688907034e-03 4.823595503e-03 6.951295183e-03
 9.022861913e-03 1.098037575e-02 1.275929852e-02 1.429143564e-02 1.550864413e-02
 1.634719215e-02 1.675223659e-02 1.668222241e-02 1.611258938e-02 1.503843897e-02
 1.347570117e-02 1.146088549e-02 9.049274350e-03 6.311915957e-03 3.331832682e-03
 1.995489125e-04-2.991415638e-03-6.208151629e-03-9.428192138e-03-1.263215384e-02
-7.061105296e-03-5.381398140e-03-3.683894842e-03-1.953102672e-03-1.795217506e-04
 1.640878688e-03 3.483817138e-03 5.312875097e-03 7.082954194e-03 8.741743897e-03
 1.023166607e-02 1.149252136e-02 1.246476914e-02 1.309319635e-02 1.333083238e-02
 1.314258597e-02 1.250839223e-02 1.142533174e-02 9.908609383e-03 7.991321329e-03
 5.722873210e-03 3.166541511e-03 3.965944228e-04-2.506129512e-03-5.503255948e-03
-8.569713843e-03-1.168467497e-02-1.483011345e-02-6.729033001e-03-5.327672061e-03
-3.899470019e-03-2.437219159e-03-9.388998443e-04 5.929991952e-04 2.142302766e-03
 3.674358368e-03 5.147569103e-03 6.514750638e-03 7.724754817e-03 8.724801233e-03
 9.463295871e-03 9.892940858e-03 9.973950933e-03 9.677164391e-03 8.986548074e-03
 7.900916186e-03 6.434739004e-03 4.617899791e-03 2.494074406e-03 1.186802991e-04
-2.440974132e-03-5.154058376e-03-7.994372384e-03-1.094079741e-02-1.397637657e-02
-1.708756805e-02-6.350569373e-03-5.249031208e-03-4.101153588e-03-2.910688672e-03
-1.684464573e-03-4.326626908e-04 8.302629286e-04 2.075545523e-03 3.264732891e-03
 4.355252041e-03 5.301855488e-03 6.058492223e-03 6.580785287e-03 6.828546842e-03
 6.768509953e-03 6.376765995e-03 5.640902046e-03 4.561200921e-03 3.151334854e-03
 1.438692193e-03-5.385205436e-04-2.736121606e-03-5.128339038e-03-7.692124655e-03
-1.040790985e-02-1.326000356e-02-1.623662253e-02-1.932953377e-02-5.989689332e-03
-5.186755535e-03-4.313349838e-03-3.384642436e-03-2.415962566e-03-1.424059313e-03
-4.282444863e-04 5.483180409e-04 1.473479022e-03 2.308838134e-03 3.014549643e-03
 3.550574233e-03 3.878995757e-03 3.965959124e-03 3.783933990e-03 3.313668055e-03
 2.546027422e-03 1.482501601e-03 1.351460872e-04-1.468241210e-03-3.311209601e-03
-5.372956453e-03-7.634896919e-03-1.008079240e-02-1.269725408e-02-1.547414812e-02
-1.840546017e-02-2.148933089e-02-5.719363845e-03-5.188722179e-03-4.566226327e-03
-3.876194608e-03-3.140688178e-03-2.381280087e-03-1.620419395e-03-8.826703268e-04
-1.957714644e-04 4.108995410e-04 9.027794383e-04 1.244872828e-03 1.405052918e-03
 1.355111606e-03 1.072429153e-03 5.417019251e-04-2.425313018e-04-1.277118939e-03
-2.559222375e-03-4.078138756e-03-5.822513338e-03-7.780078756e-03-9.939324483e-03
-1.229032184e-02-1.482517698e-02-1.753839493e-02-2.042970531e-02-2.350408966e-02
-5.602195862e-03-5.297664882e-03-4.888169547e-03-4.403337877e-03-3.869220641e-03
-3.310129044e-03-2.749905011e-03-2.212964097e-03-1.724936112e-03-1.312546395e-03
-1.003861421e-03-8.267835045e-04-8.073598576e-04-9.685904158e-04-1.329220921e-03
-1.902714464e-03-2.696618567e-03-3.713317423e-03-4.952099406e-03-6.408784878e-03
-8.077628951e-03-9.952437023e-03-1.202765482e-02-1.429906862e-02-1.676382539e-02
-1.941714518e-02-2.226455974e-02-2.534559878e-02-5.677260353e-03-5.542431114e-03
-5.299665321e-03-4.980210496e-03-4.611414076e-03-4.218202101e-03-3.824286356e-03
-3.453016364e-03-3.127977326e-03-2.872876875e-03-2.711452588e-03-2.666838468e-03
-2.760648922e-03-3.012225185e-03-3.437720476e-03-4.049524888e-03-4.856035345e-03
-5.862001555e-03-7.069293816e-03-8.477457079e-03-1.008478972e-02-1.188957354e-02
-1.389126126e-02-1.609134346e-02-1.849674517e-02-2.108589913e-02-2.383643765e-02
-2.727818895e-02-5.959187083e-03-5.934942876e-03-5.809888160e-03-5.613915684e-03
-5.373258238e-03-5.111545192e-03-4.850916557e-03-4.612926560e-03-4.419002845e-03
-4.290059308e-03-4.246328014e-03-4.307296346e-03-4.491348007e-03-4.815205992e-03
-5.293160633e-03-5.936731057e-03-6.754569727e-03-7.752582501e-03-8.934282305e-03
-1.030137431e-02-1.185444075e-02-1.359454172e-02-1.552495832e-02-1.764800049e-02
-2.002926649e-02-2.258991627e-02-2.553697689e-02-2.899170791e-02-6.439268748e-03
-6.470080490e-03-6.415791751e-03-6.303053313e-03-6.155226556e-03-5.992859560e-03
-5.835063810e-03-5.700826877e-03-5.610022714e-03-5.580775630e-03-5.629960700e-03
-5.773804958e-03-6.028179108e-03-6.408270835e-03-6.926894451e-03-7.594623112e-03
-8.420180725e-03-9.410083836e-03-1.056848926e-02-1.189826424e-02-1.340000702e-02
-1.507502435e-02-1.693505799e-02-1.889116725e-02-2.136699225e-02-2.413998502e-02
-2.712011039e-02-3.041119909e-02-7.102146907e-03-7.127885218e-03-7.102657393e-03
-7.037479482e-03-6.951868516e-03-6.861172853e-03-6.779387859e-03-6.721571375e-03
-6.709724673e-03-6.758287792e-03-6.879962988e-03-7.087108040e-03-7.393680962e-03
-7.815543565e-03-8.363813284e-03-9.047471346e-03-9.875797201e-03-1.085600702e-02
-1.199130778e-02-1.328712036e-02-1.473973677e-02-1.633676899e-02-1.825810595e-02
-2.044880849e-02-2.284559302e-02-2.546444170e-02-2.833260652e-02-3.148902666e-02
 8.941785693e-01 8.925892737e-01 9.034410788e-01 9.403523852e-01 9.626261802e-01
 1.006408542e+00 1.028760333e+00 1.078306538e+00 1.112359792e+00 1.152734102e+00
 1.207414157e+00 1.249286411e+00 1.303144792e+00 1.366013126e+00 1.426915355e+00
 1.498902480e+00 1.573738303e+00 1.667894914e+00 1.758677778e+00 1.876401011e+00
 1.999049759e+00 2.154933066e+00 2.338843020e+00 2.552837991e+00 2.842550286e+00
 3.268992102e+00 3.747481998e+00 8.620521545e+00
  113    5
 9.101110697e-01 6.465132236e-01 9.237468243e-01 6.412500143e-01 9.298518300e-01
 6.391843557e-01 9.495925903e-01 6.302587986e-01 9.693332911e-01 6.186912656e-01
 9.709972143e-01 6.175000072e-01 9.890740514e-01 6.055042744e-01 1.003438115e+00
 5.937500000e-01 1.008814812e+00 5.895325541e-01 1.028555512e+00 5.709873438e-01
 1.029470801e+00 5.699999928e-01 1.048296213e+00 5.495694280e-01 1.050993323e+00
 5.462499857e-01 1.068037033e+00 5.242515802e-01 1.069271564e+00 5.224999785e-01
 1.084741831e+00 4.987500012e-01 1.087777734e+00 4.934064448e-01 1.097694755e+00
 4.749999940e-01 1.107518435e+00 4.523679912e-01 1.107995749e+00 4.512499869e-01
 1.115984678e+00 4.275000095e-01 1.121216774e+00 4.037500024e-01 1.123738766e+00
 3.799999952e-01 1.123631597e+00 3.562499881e-01 1.120996833e+00 3.324999809e-01
 1.116029024e+00 3.087500036e-01 1.109097600e+00 2.849999964e-01 1.107518435e+00
 2.805435658e-01 1.100947738e+00 2.612499893e-01 1.091784120e+00 2.374999970e-01
 1.087777734e+00 2.276863158e-01 1.081944585e+00 2.137500048e-01 1.071611881e+00
 1.899999976e-01 1.068037033e+00 1.817319691e-01 1.060744047e+00 1.662499905e-01
 1.049493670e+00 1.424999982e-01 1.048296213e+00 1.398382485e-01 1.037437320e+00
 1.187499985e-01 1.028555512e+00 1.011641100e-01 1.024877787e+00 9.499999881e-02
 1.011534214e+00 7.124999911e-02 1.008814812e+00 6.595771015e-02 9.971873164e-01
 4.749999940e-02 9.890740514e-01 3.329713643e-02 9.821553826e-01 2.374999970e-02
 9.693332911e-01 3.409239464e-03 9.664945006e-01 0.000000000e+00 9.501595497e-01
-2.374999970e-02 9.495925903e-01-2.481600083e-02 9.327489734e-01-4.749999940e-02
 9.298518300e-01-5.283579975e-02 9.147928953e-01-7.124999911e-02 9.101110697e-01
-7.994306833e-02 8.962399364e-01-9.499999881e-02 8.903703690e-01-1.065032035e-01
 8.760467768e-01-1.187499985e-01 8.706296086e-01-1.312322021e-01 8.508888483e-01
-1.346312463e-01 8.311481476e-01-1.188861057e-01 8.310629725e-01-1.187499985e-01
 8.114073873e-01-1.003250182e-01 8.082253337e-01-9.499999881e-02 7.918866277e-01
-7.124999911e-02 7.916666865e-01-7.096882164e-02 7.801845074e-01-4.749999940e-02
 7.719259262e-01-2.900482342e-02 7.703061700e-01-2.374999970e-02 7.621273994e-01
 0.000000000e+00 7.544240952e-01 2.374999970e-02 7.521851659e-01 2.994068712e-02
 7.472247481e-01 4.749999940e-02 7.401514649e-01 7.124999911e-02 7.329988480e-01
 9.499999881e-02 7.324444652e-01 9.663315117e-02 7.259374857e-01 1.187499985e-01
 7.187753320e-01 1.424999982e-01 7.127037048e-01 1.623798311e-01 7.116077542e-01
 1.662499905e-01 7.044870257e-01 1.899999976e-01 6.975755095e-01 2.137500048e-01
 6.929630041e-01 2.305212766e-01 6.910287142e-01 2.374999970e-01 6.848997474e-01
 2.612499893e-01 6.796018481e-01 2.849999964e-01 6.753324270e-01 3.087500036e-01
 6.732222438e-01 3.247618973e-01 6.721218824e-01 3.324999809e-01 6.700186133e-01
 3.562499881e-01 6.691850424e-01 3.799999952e-01 6.695602536e-01 4.037500024e-01
 6.710577011e-01 4.275000095e-01 6.732222438e-01 4.478934705e-01 6.735786200e-01
 4.512499869e-01 6.769729257e-01 4.749999940e-01 6.814639568e-01 4.987500012e-01
 6.872982383e-01 5.224999785e-01 6.929630041e-01 5.406817198e-01 6.949097514e-01
 5.462499857e-01 7.050620914e-01 5.699999928e-01 7.127037048e-01 5.837313533e-01
 7.194666266e-01 5.937500000e-01 7.324444652e-01 6.094183326e-01 7.411012053e-01
 6.175000072e-01 7.521851659e-01 6.266003847e-01 7.719259262e-01 6.384645700e-01
 7.782962322e-01 6.412500143e-01 7.916666865e-01 6.469124556e-01 8.114073873e-01
 6.524954438e-01 8.311481476e-01 6.555215716e-01 8.508888483e-01 6.563330889e-01
 8.706296086e-01 6.551002860e-01 8.903703690e-01 6.518552899e-01 9.101110697e-01
 6.465132236e-01
 6.271827613e-01-7.468172515e-01 1.133817216e+00-7.468172515e-01 1.133817216e+00
 7.468172515e-01 6.271827613e-01 7.468172515e-01 6.271827613e-01-7.468172515e-01
    3.38260470e-02   psiaxis, psi0*2pi =     2.12535322e-01
    9.13993537e-01   r-magaxe
    3.41766775e-01   z-magaxe -> shited to:      3.41766775e-01 
    2.60850921e-01   z0 (zaver) -> shited to:      2.60850921e-01 
    8.80000000e-01   r-major
   -1.43779402e+00   B0
   -2.27107212e-01   CURRT -> I-p [A]:     -2.28665375e+05 
    1.74008988e+00   kappa
    8.94178569e-01   q_0        zcs(1)      0.00000000e+00 
    8.62052155e+00   q_edge
    5.65419674e-01   beta_pol
    7.12567382e-03   beta_tor
    1.04979014e+00   li
    2.00000000e+00   number of X points
    7.94528967e-01  R of Xpt nb: 1  -> in [m]:     6.99185491e-01 
   -1.95722570e-01  Z of Xpt nb: 1  -> in [m]:    -1.72235861e-01 
    9.77739692e-01  R of Xpt nb: 2  -> in [m]:     8.60410929e-01 
   -1.73195045e-01  Z of Xpt nb: 2  -> in [m]:    -1.52411640e-01 
    5.00000000e-01   time
    5.00000000e-01   time effective in node
  36151   shot number
  Liuqe version :  1
