   1.4000000e+01
   5.0321165e+03
   4.7766478e+03
   5.1845693e+03
   4.2966921e+03
   3.0776406e+03
   1.1997448e+03
   1.1677291e+03
   8.6684973e+02
   7.3283759e+02
   6.5532394e+02
   5.3287538e+02
   4.1631372e+02
   3.8570087e+02
   1.0845387e+02
   3.0654771e+02
   4.2602649e+02
   8.7884603e+02
   4.1772437e+02
   1.2063240e+03
   2.5026000e+02
   3.5031873e+02
   1.1581161e+02
   1.4937976e+01
   3.0581030e+01
   3.0998393e+01
   7.7878852e+01
   2.7253260e+02
   9.5535856e+01
   2.6133475e-01
   2.8800301e-01
   3.4857295e-01
   3.7564916e-01
   4.4328230e-01
   4.7711858e-01
   4.9985345e-01
   5.7426492e-01
   6.3152980e-01
   7.2071410e-01
   7.8034125e-01
   8.8245759e-01
   9.4738173e-01
   1.0786157e+00
   1.0100000e+02
   0.0000000e+00
   7.7640997e-03
   1.5528851e-02
   2.3294902e-02
   3.1062850e-02
   3.8833235e-02
   4.6606607e-02
   5.4383544e-02
   6.2164635e-02
   6.9950520e-02
   7.7741884e-02
   8.5539417e-02
   9.3343823e-02
   1.0115581e-01
   1.0897607e-01
   1.1680533e-01
   1.2464428e-01
   1.3249360e-01
   1.4035396e-01
   1.4822604e-01
   1.5611049e-01
   1.6400799e-01
   1.7191922e-01
   1.7984491e-01
   1.8778582e-01
   1.9574277e-01
   2.0371659e-01
   2.1170816e-01
   2.1971836e-01
   2.2774804e-01
   2.3579808e-01
   2.4386931e-01
   2.5196265e-01
   2.6007897e-01
   2.6821920e-01
   2.7638428e-01
   2.8457517e-01
   2.9279292e-01
   3.0103861e-01
   3.0931337e-01
   3.1761837e-01
   3.2595481e-01
   3.3432395e-01
   3.4272705e-01
   3.5116542e-01
   3.5964040e-01
   3.6815337e-01
   3.7670578e-01
   3.8529911e-01
   3.9393490e-01
   4.0261476e-01
   4.1134036e-01
   4.2011349e-01
   4.2893600e-01
   4.3780984e-01
   4.4673700e-01
   4.5571957e-01
   4.6475982e-01
   4.7386011e-01
   4.8302292e-01
   4.9225095e-01
   5.0154689e-01
   5.1091362e-01
   5.2035407e-01
   5.2987133e-01
   5.3946873e-01
   5.4914972e-01
   5.5891822e-01
   5.6877832e-01
   5.7873434e-01
   5.8879089e-01
   5.9895271e-01
   6.0922513e-01
   6.1961361e-01
   6.3012424e-01
   6.4076367e-01
   6.5153881e-01
   6.6245741e-01
   6.7352749e-01
   6.8475796e-01
   6.9615861e-01
   7.0773978e-01
   7.1951387e-01
   7.3149384e-01
   7.4369401e-01
   7.5613004e-01
   7.6881931e-01
   7.8178589e-01
   7.9505540e-01
   8.0865112e-01
   8.2259394e-01
   8.3691694e-01
   8.5170222e-01
   8.6704061e-01
   8.8294226e-01
   8.9933658e-01
   9.1629822e-01
   9.3449684e-01
   9.5471324e-01
   9.7686370e-01
   1.0000000e+00
