   1.5700000e-00  -2.4300000e-00
   1.5700000e-00   2.4300000e-00
   3.8300000e-00   1.7300000e-00
   3.8300000e-00  -1.7300000e-00
   1.5700000e-00  -2.4300000e-00
             NaN             NaN
   1.6000000e-00  -2.4000000e-00
   1.6000000e-00   2.4000000e-00
   3.8000000e-00   1.7000000e-00
   3.8000000e-00  -1.7000000e-00
   1.6000000e-00  -2.4000000e-00
             NaN             NaN
   1.6300000e-00  -2.3700000e-00
   1.6300000e-00   2.3700000e-00
   3.4000000e-00   1.8400000e-00
   3.7700000e-00   1.2000000e-00
   3.7700000e-00  -1.2000000e-00
   3.4000000e-00  -1.8400000e-00
   1.6300000e-00  -2.3700000e-00
   1.6300000e-00  -2.3700000e-00
